{
    "T_D": {
        "(0, 0)": 0.0,
        "(0, 1)": 4.627360430895671,
        "(0, 2)": 4.067809357953545,
        "(0, 3)": 8.08962500993942,
        "(0, 4)": 10.03869013100165,
        "(0, 5)": 9.581467606595238,
        "(0, 6)": 14.63324781857109,
        "(0, 7)": 11.40019223729117,
        "(0, 8)": 9.82235859653616,
        "(0, 9)": 5.052570768818796,
        "(0, 10)": 7.320939993844666,
        "(0, 11)": 1.5284894231750628,
        "(0, 12)": 7.480271154549909,
        "(0, 13)": 9.176867538607596,
        "(0, 14)": 6.319941227988114,
        "(0, 15)": 11.06022090817341,
        "(0, 16)": 2.189795461192315,
        "(0, 17)": 8.044951752005293,
        "(0, 18)": 6.7641581670006286,
        "(0, 19)": 7.082445138850698,
        "(0, 20)": 12.46030982167854,
        "(0, 21)": 9.1786325773673,
        "(0, 22)": 9.315212211536622,
        "(0, 23)": 8.006368435423173,
        "(0, 24)": 6.379671461071217,
        "(0, 25)": 4.228139163154118,
        "(0, 26)": 4.2225441926758105,
        "(0, 27)": 3.4730258558653673,
        "(0, 28)": 1.658607411233613,
        "(0, 29)": 9.78159432274002,
        "(0, 30)": 10.585494735753864,
        "(0, 31)": 10.61122079338543,
        "(0, 32)": 9.011812933756792,
        "(0, 33)": 6.9827179203662055,
        "(0, 34)": 7.864694076001704,
        "(0, 35)": 10.307508837342947,
        "(0, 36)": 12.282477376772077,
        "(0, 37)": 9.65783794674798,
        "(1, 0)": 4.627360430895671,
        "(1, 1)": 0.0,
        "(1, 2)": 4.650358779503412,
        "(1, 3)": 5.308597541439799,
        "(1, 4)": 7.928757436090863,
        "(1, 5)": 5.970425141705829,
        "(1, 6)": 13.436095242232351,
        "(1, 7)": 10.254076007021931,
        "(1, 8)": 8.385118324176219,
        "(1, 9)": 1.9886483317438235,
        "(1, 10)": 5.254074210674486,
        "(1, 11)": 4.686067698692471,
        "(1, 12)": 3.8532181048396987,
        "(1, 13)": 6.701459200324776,
        "(1, 14)": 5.168600327864613,
        "(1, 15)": 9.636666768856873,
        "(1, 16)": 5.815833690940251,
        "(1, 17)": 5.364674925488688,
        "(1, 18)": 4.249572766118634,
        "(1, 19)": 4.029139975503823,
        "(1, 20)": 11.083739526622564,
        "(1, 21)": 5.554757417548006,
        "(1, 22)": 5.702526905042547,
        "(1, 23)": 5.707475643253734,
        "(1, 24)": 3.70273815280603,
        "(1, 25)": 3.5629426152243098,
        "(1, 26)": 2.6200740971964374,
        "(1, 27)": 2.3146848222791196,
        "(1, 28)": 4.007022280371482,
        "(1, 29)": 7.134212440689385,
        "(1, 30)": 8.183136415145334,
        "(1, 31)": 8.952875367536386,
        "(1, 32)": 7.397242031559517,
        "(1, 33)": 5.4770532331650355,
        "(1, 34)": 5.018352913468167,
        "(1, 35)": 8.341625844677992,
        "(1, 36)": 11.415646668708861,
        "(1, 37)": 8.377167070694165,
        "(2, 0)": 4.067809357953545,
        "(2, 1)": 4.650358779503412,
        "(2, 2)": 0.0,
        "(2, 3)": 5.955477132828142,
        "(2, 4)": 7.273299843505198,
        "(2, 5)": 9.043202849927443,
        "(2, 6)": 11.568124813914524,
        "(2, 7)": 8.341369768860712,
        "(2, 8)": 6.8280606787355085,
        "(2, 9)": 4.249196431980396,
        "(2, 10)": 4.779566579215264,
        "(2, 11)": 3.606922983702617,
        "(2, 12)": 6.88039408808779,
        "(2, 13)": 6.679518125660355,
        "(2, 14)": 3.4598348065245927,
        "(2, 15)": 8.040510130715637,
        "(2, 16)": 4.770321444933898,
        "(2, 17)": 5.830840770694571,
        "(2, 18)": 4.668308871372028,
        "(2, 19)": 5.406793809109064,
        "(2, 20)": 9.419004355070102,
        "(2, 21)": 8.547368556353126,
        "(2, 22)": 8.367270864370404,
        "(2, 23)": 5.513960988651622,
        "(2, 24)": 4.53952085381256,
        "(2, 25)": 2.213602816026502,
        "(2, 26)": 3.1014218566740994,
        "(2, 27)": 3.545659536287761,
        "(2, 28)": 3.668991989847502,
        "(2, 29)": 7.358699549619022,
        "(2, 30)": 7.949002820834796,
        "(2, 31)": 7.654297908851641,
        "(2, 32)": 6.094899652303037,
        "(2, 33)": 4.184614960296295,
        "(2, 34)": 5.825110985552646,
        "(2, 35)": 7.466269203090292,
        "(2, 36)": 9.216215861571424,
        "(2, 37)": 6.634937178900575,
        "(3, 0)": 8.08962500993942,
        "(3, 1)": 5.308597541439799,
        "(3, 2)": 5.955477132828142,
        "(3, 3)": 0.0,
        "(3, 4)": 3.868759016339069,
        "(3, 5)": 5.727789883369988,
        "(3, 6)": 9.71613245064393,
        "(3, 7)": 6.833443866066973,
        "(3, 8)": 4.956402562957078,
        "(3, 9)": 4.380665289933704,
        "(3, 10)": 2.4885741570938844,
        "(3, 11)": 7.865439156769404,
        "(3, 12)": 4.425680638775939,
        "(3, 13)": 2.4733333484906597,
        "(3, 14)": 3.945142736779499,
        "(3, 15)": 6.015493185955693,
        "(3, 16)": 9.174235647875923,
        "(3, 17)": 1.2337333282283387,
        "(3, 18)": 2.3399789013365844,
        "(3, 19)": 2.325117519908816,
        "(3, 20)": 7.361392791068257,
        "(3, 21)": 5.233698399785263,
        "(3, 22)": 4.593912238429041,
        "(3, 23)": 2.065953858995148,
        "(3, 24)": 2.728709110400939,
        "(3, 25)": 5.03677937382132,
        "(3, 26)": 4.873969085494917,
        "(3, 27)": 5.784067675941584,
        "(3, 28)": 7.445562545210972,
        "(3, 29)": 2.8256402040529434,
        "(3, 30)": 3.9154348270637955,
        "(3, 31)": 5.188424072050971,
        "(3, 32)": 4.008649496686328,
        "(3, 33)": 3.412819199619642,
        "(3, 34)": 1.3051610657552102,
        "(3, 35)": 4.362188199805868,
        "(3, 36)": 8.142256572495105,
        "(3, 37)": 5.134946367609368,
        "(4, 0)": 10.03869013100165,
        "(4, 1)": 7.928757436090863,
        "(4, 2)": 7.273299843505198,
        "(4, 3)": 3.868759016339069,
        "(4, 4)": 0.0,
        "(4, 5)": 8.254021984198237,
        "(4, 6)": 6.87024776637539,
        "(4, 7)": 4.229408693860066,
        "(4, 8)": 2.706929754420143,
        "(4, 9)": 6.945425740074996,
        "(4, 10)": 3.7731838309740984,
        "(4, 11)": 9.692799042139479,
        "(4, 12)": 7.268421466912282,
        "(4, 13)": 2.4313963508040484,
        "(4, 14)": 4.813641662456356,
        "(4, 15)": 3.3250818989433064,
        "(4, 16)": 10.96366013524068,
        "(4, 17)": 3.713894208899667,
        "(4, 18)": 4.679282208350909,
        "(4, 19)": 5.147771748156568,
        "(4, 20)": 4.5434544660041105,
        "(4, 21)": 7.811689499577857,
        "(4, 22)": 7.0488407419853125,
        "(4, 23)": 3.221522929230836,
        "(4, 24)": 5.2275595774540955,
        "(4, 25)": 6.811288269485023,
        "(4, 26)": 7.053151639641493,
        "(4, 27)": 8.074172702799036,
        "(4, 28)": 9.454961606026567,
        "(4, 29)": 2.5938563344743137,
        "(4, 30)": 1.9288115124496459,
        "(4, 31)": 2.4602031651766074,
        "(4, 32)": 2.4393665246060277,
        "(4, 33)": 4.095394343769875,
        "(4, 34)": 4.166244415615747,
        "(4, 35)": 1.5206806690558092,
        "(4, 36)": 5.5506799752182125,
        "(4, 37)": 3.0622720036944817,
        "(5, 0)": 9.581467606595238,
        "(5, 1)": 5.970425141705829,
        "(5, 2)": 9.043202849927443,
        "(5, 3)": 5.727789883369988,
        "(5, 4)": 8.254021984198237,
        "(5, 5)": 0.0,
        "(5, 6)": 14.034307367741269,
        "(5, 7)": 11.437548806096629,
        "(5, 8)": 9.627582903065786,
        "(5, 9)": 5.871421087284642,
        "(5, 10)": 7.002001262099515,
        "(5, 11)": 9.656111401815927,
        "(5, 12)": 3.185803388609179,
        "(5, 13)": 6.869361636309014,
        "(5, 14)": 8.089549422975994,
        "(5, 15)": 10.562143094618106,
        "(5, 16)": 10.762913213955095,
        "(5, 17)": 5.957377646043866,
        "(5, 18)": 6.10062347910806,
        "(5, 19)": 5.091042607454132,
        "(5, 20)": 11.775351081756869,
        "(5, 21)": 1.520973296601364,
        "(5, 22)": 2.2092309281444393,
        "(5, 23)": 6.785455550048219,
        "(5, 24)": 5.847438884945131,
        "(5, 25)": 7.831598500727818,
        "(5, 26)": 7.037282522499286,
        "(5, 27)": 7.2447454364234405,
        "(5, 28)": 8.97432074713876,
        "(5, 29)": 6.714297607738922,
        "(5, 30)": 7.856299412747706,
        "(5, 31)": 9.700313139503324,
        "(5, 32)": 8.720950448094587,
        "(5, 33)": 7.837198234322147,
        "(5, 34)": 5.534287034067031,
        "(5, 35)": 8.774370789950119,
        "(5, 36)": 12.762545026490699,
        "(5, 37)": 9.839472785137609,
        "(6, 0)": 14.63324781857109,
        "(6, 1)": 13.436095242232351,
        "(6, 2)": 11.568124813914524,
        "(6, 3)": 9.71613245064393,
        "(6, 4)": 6.87024776637539,
        "(6, 5)": 14.034307367741269,
        "(6, 6)": 0.0,
        "(6, 7)": 4.249542026714107,
        "(6, 8)": 6.0520970341762625,
        "(6, 9)": 12.455592727413894,
        "(6, 10)": 9.20495743189049,
        "(6, 11)": 14.173028955825469,
        "(6, 12)": 13.134131775036687,
        "(6, 13)": 8.30162530982297,
        "(6, 14)": 9.500422401200009,
        "(6, 15)": 4.8026253522153,
        "(6, 16)": 15.261369704351942,
        "(6, 17)": 9.540552994328687,
        "(6, 18)": 10.286047099168677,
        "(6, 19)": 10.939348041474565,
        "(6, 20)": 3.3703820555274344,
        "(6, 21)": 13.621133567765034,
        "(6, 22)": 12.825700231655944,
        "(6, 23)": 8.898907862520657,
        "(6, 24)": 10.83653155664112,
        "(6, 25)": 11.655329893577724,
        "(6, 26)": 12.221102024265909,
        "(6, 27)": 13.239697574245374,
        "(6, 28)": 14.18041380292826,
        "(6, 29)": 8.328703690259658,
        "(6, 30)": 7.179375746493879,
        "(6, 31)": 5.5515251611511625,
        "(6, 32)": 7.041008130242009,
        "(6, 33)": 9.010511035763724,
        "(6, 34)": 10.004408952112207,
        "(6, 35)": 6.360793172425787,
        "(6, 36)": 3.4809288125086693,
        "(6, 37)": 6.094942547295925,
        "(7, 0)": 11.40019223729117,
        "(7, 1)": 10.254076007021931,
        "(7, 2)": 8.341369768860712,
        "(7, 3)": 6.833443866066973,
        "(7, 4)": 4.229408693860066,
        "(7, 5)": 11.437548806096629,
        "(7, 6)": 4.249542026714107,
        "(7, 7)": 0.0,
        "(7, 8)": 2.914717506534644,
        "(7, 9)": 9.284233148657906,
        "(7, 10)": 6.082799454030435,
        "(7, 11)": 10.948292649711087,
        "(7, 12)": 10.240418867219764,
        "(7, 13)": 5.568492095962977,
        "(7, 14)": 6.255523985346415,
        "(7, 15)": 1.921126913510923,
        "(7, 16)": 12.065757167278388,
        "(7, 17)": 6.629589525974108,
        "(7, 18)": 7.190006325782596,
        "(7, 19)": 7.945713061605464,
        "(7, 20)": 2.184167496383962,
        "(7, 21)": 10.977094231169707,
        "(7, 22)": 10.241140356464664,
        "(7, 23)": 5.8935229665580975,
        "(7, 24)": 7.727642404762267,
        "(7, 25)": 8.406346837282827,
        "(7, 26)": 8.988061365076398,
        "(7, 27)": 10.001091030972379,
        "(7, 28)": 10.936766381496016,
        "(7, 29)": 5.822831209228505,
        "(7, 30)": 4.895469745568649,
        "(7, 31)": 2.7727208207424914,
        "(7, 32)": 3.921596742110439,
        "(7, 33)": 5.792675326783436,
        "(7, 34)": 7.095590771210014,
        "(7, 35)": 3.7264235662267526,
        "(7, 36)": 2.3259614869828393,
        "(7, 37)": 2.8769618759187994,
        "(8, 0)": 9.82235859653616,
        "(8, 1)": 8.385118324176219,
        "(8, 2)": 6.8280606787355085,
        "(8, 3)": 4.956402562957078,
        "(8, 4)": 2.706929754420143,
        "(8, 5)": 9.627582903065786,
        "(8, 6)": 6.0520970341762625,
        "(8, 7)": 2.914717506534644,
        "(8, 8)": 0.0,
        "(8, 9)": 7.40674959418601,
        "(8, 10)": 4.17635521022022,
        "(8, 11)": 9.40607463013766,
        "(8, 12)": 8.3414897849493,
        "(8, 13)": 3.806139128823892,
        "(8, 14)": 4.5331580598257375,
        "(8, 15)": 2.2688432827794687,
        "(8, 16)": 10.598201490504351,
        "(8, 17)": 4.7444589327157995,
        "(8, 18)": 5.279063649705928,
        "(8, 19)": 6.034291437794828,
        "(8, 20)": 3.717601539350637,
        "(8, 21)": 9.152247449400795,
        "(8, 22)": 8.447151952534242,
        "(8, 23)": 3.9862861611189753,
        "(8, 24)": 5.820155510803941,
        "(8, 25)": 6.701895567157766,
        "(8, 26)": 7.194457823438491,
        "(8, 27)": 8.221712468386741,
        "(8, 28)": 9.309411963592849,
        "(8, 29)": 4.209702010510947,
        "(8, 30)": 3.595358236365893,
        "(8, 31)": 1.8938418383202316,
        "(8, 32)": 2.008042630959096,
        "(8, 33)": 3.976570176823474,
        "(8, 34)": 5.206936879537298,
        "(8, 35)": 2.3680011616088104,
        "(8, 36)": 4.195126765396043,
        "(8, 37)": 1.3841874151076863,
        "(9, 0)": 5.052570768818796,
        "(9, 1)": 1.9886483317438235,
        "(9, 2)": 4.249196431980396,
        "(9, 3)": 4.380665289933704,
        "(9, 4)": 6.945425740074996,
        "(9, 5)": 5.871421087284642,
        "(9, 6)": 12.455592727413894,
        "(9, 7)": 9.284233148657906,
        "(9, 8)": 7.40674959418601,
        "(9, 9)": 0.0,
        "(9, 10)": 4.266402490680303,
        "(9, 11)": 4.984483721233693,
        "(9, 12)": 3.6858703682812886,
        "(9, 13)": 5.739851539552097,
        "(9, 14)": 4.279985422453095,
        "(9, 15)": 8.654546797098027,
        "(9, 16)": 6.227651794649622,
        "(9, 17)": 4.41805549137313,
        "(9, 18)": 3.2667239414472924,
        "(9, 19)": 3.156382870196366,
        "(9, 20)": 10.1002641345371,
        "(9, 21)": 5.399574607599382,
        "(9, 22)": 5.369597074284716,
        "(9, 23)": 4.723928537764219,
        "(9, 24)": 2.7257231631040826,
        "(9, 25)": 3.048686378901288,
        "(9, 26)": 2.1723916263197403,
        "(9, 27)": 2.5812003759451887,
        "(9, 28)": 4.3963123052387,
        "(9, 29)": 6.200879038483336,
        "(9, 30)": 7.222758145528765,
        "(9, 31)": 7.965332036712519,
        "(9, 32)": 6.415051159633287,
        "(9, 33)": 4.526042787542628,
        "(9, 34)": 4.100874447279194,
        "(9, 35)": 7.354497855162812,
        "(9, 36)": 10.460853976873672,
        "(9, 37)": 7.408265363388756,
        "(10, 0)": 7.320939993844666,
        "(10, 1)": 5.254074210674486,
        "(10, 2)": 4.779566579215264,
        "(10, 3)": 2.4885741570938844,
        "(10, 4)": 3.7731838309740984,
        "(10, 5)": 7.002001262099515,
        "(10, 6)": 9.20495743189049,
        "(10, 7)": 6.082799454030435,
        "(10, 8)": 4.17635521022022,
        "(10, 9)": 4.266402490680303,
        "(10, 10)": 0.0,
        "(10, 11)": 7.010192043356732,
        "(10, 12)": 5.351963246990261,
        "(10, 13)": 2.905430536215184,
        "(10, 14)": 2.5088595856912432,
        "(10, 15)": 5.402652300705136,
        "(10, 16)": 8.305167105895634,
        "(10, 17)": 2.2794637114576646,
        "(10, 18)": 2.1136060631975297,
        "(10, 19)": 3.0018506789698196,
        "(10, 20)": 6.842135267413943,
        "(10, 21)": 6.488318596038562,
        "(10, 22)": 5.94249585092198,
        "(10, 23)": 1.7347844198347255,
        "(10, 24)": 2.644843042603833,
        "(10, 25)": 4.1030779203846715,
        "(10, 26)": 4.279988730621962,
        "(10, 27)": 5.302004339296794,
        "(10, 28)": 6.717641499220581,
        "(10, 29)": 3.5791712821457544,
        "(10, 30)": 4.265101460049949,
        "(10, 31)": 4.698929676447175,
        "(10, 32)": 3.1708241815582627,
        "(10, 33)": 1.9242452532233214,
        "(10, 34)": 2.546790480820421,
        "(10, 35)": 4.128714488287802,
        "(10, 36)": 7.318897289481858,
        "(10, 37)": 4.230304083584871,
        "(11, 0)": 1.5284894231750628,
        "(11, 1)": 4.686067698692471,
        "(11, 2)": 3.606922983702617,
        "(11, 3)": 7.865439156769404,
        "(11, 4)": 9.692799042139479,
        "(11, 5)": 9.656111401815927,
        "(11, 6)": 14.173028955825469,
        "(11, 7)": 10.948292649711087,
        "(11, 8)": 9.40607463013766,
        "(11, 9)": 4.984483721233693,
        "(11, 10)": 7.010192043356732,
        "(11, 11)": 0.0,
        "(11, 12)": 7.5178331583238975,
        "(11, 13)": 8.889264006585723,
        "(11, 14)": 5.93230839034624,
        "(11, 15)": 10.633548847663961,
        "(11, 16)": 2.309202132177654,
        "(11, 17)": 7.8052049686395915,
        "(11, 18)": 6.528879251926219,
        "(11, 19)": 6.926727416914205,
        "(11, 20)": 12.022087072108787,
        "(11, 21)": 9.233465879574755,
        "(11, 22)": 9.316968168338333,
        "(11, 23)": 7.711729929210186,
        "(11, 24)": 6.181183721425705,
        "(11, 25)": 3.9075197076032775,
        "(11, 26)": 4.043584018379347,
        "(11, 27)": 3.4391632797832465,
        "(11, 28)": 1.7255206549670015,
        "(11, 29)": 9.51309507143505,
        "(11, 30)": 10.27297342895102,
        "(11, 31)": 10.210024950693635,
        "(11, 32)": 8.621135869574386,
        "(11, 33)": 6.614586897254787,
        "(11, 34)": 7.6555289311202666,
        "(11, 35)": 9.941991477859332,
        "(11, 36)": 11.806756620197149,
        "(11, 37)": 9.228756306902493,
        "(12, 0)": 7.480271154549909,
        "(12, 1)": 3.8532181048396987,
        "(12, 2)": 6.88039408808779,
        "(12, 3)": 4.425680638775939,
        "(12, 4)": 7.268421466912282,
        "(12, 5)": 3.185803388609179,
        "(12, 6)": 13.134131775036687,
        "(12, 7)": 10.240418867219764,
        "(12, 8)": 8.3414897849493,
        "(12, 9)": 3.6858703682812886,
        "(12, 10)": 5.351963246990261,
        "(12, 11)": 7.5178331583238975,
        "(12, 12)": 0.0,
        "(12, 13)": 5.840410237427214,
        "(12, 14)": 6.1777334882286725,
        "(12, 15)": 9.438276795921567,
        "(12, 16)": 8.669017324411325,
        "(12, 17)": 4.616775889695559,
        "(12, 18)": 4.300037776117634,
        "(12, 19)": 3.3521773844957004,
        "(12, 20)": 10.785059396166806,
        "(12, 21)": 2.724826329722708,
        "(12, 22)": 2.8852907673042036,
        "(12, 23)": 5.357621645412686,
        "(12, 24)": 3.91636681992951,
        "(12, 25)": 5.66682775719318,
        "(12, 26)": 4.853467696364205,
        "(12, 27)": 5.087619207106078,
        "(12, 28)": 6.8547489585689965,
        "(12, 29)": 5.950653256095861,
        "(12, 30)": 7.141541692020944,
        "(12, 31)": 8.614100692221074,
        "(12, 32)": 7.357541550220057,
        "(12, 33)": 6.0643325185997075,
        "(12, 34)": 4.14935873484465,
        "(12, 35)": 7.773734952768888,
        "(12, 36)": 11.536590479202982,
        "(12, 37)": 8.479524548913592,
        "(13, 0)": 9.176867538607596,
        "(13, 1)": 6.701459200324776,
        "(13, 2)": 6.679518125660355,
        "(13, 3)": 2.4733333484906597,
        "(13, 4)": 2.4313963508040484,
        "(13, 5)": 6.869361636309014,
        "(13, 6)": 8.30162530982297,
        "(13, 7)": 5.568492095962977,
        "(13, 8)": 3.806139128823892,
        "(13, 9)": 5.739851539552097,
        "(13, 10)": 2.905430536215184,
        "(13, 11)": 8.889264006585723,
        "(13, 12)": 5.840410237427214,
        "(13, 13)": 0.0,
        "(13, 14)": 4.313015874279953,
        "(13, 15)": 4.696439181030794,
        "(13, 16)": 10.19079672846495,
        "(13, 17)": 2.3551738870298493,
        "(13, 18)": 3.5082475187251414,
        "(13, 19)": 3.7890550983194813,
        "(13, 20)": 5.97039212201921,
        "(13, 21)": 6.4130633959957475,
        "(13, 22)": 5.6730322074482205,
        "(13, 23)": 2.1804848757268998,
        "(13, 24)": 4.019861510545989,
        "(13, 25)": 5.984384376508574,
        "(13, 26)": 6.038585073956412,
        "(13, 27)": 7.019994541292957,
        "(13, 28)": 8.55711109570446,
        "(13, 29)": 1.7093064621137297,
        "(13, 30)": 2.4829079766918203,
        "(13, 31)": 3.839215338692102,
        "(13, 32)": 3.0380009498968525,
        "(13, 33)": 3.600936523767001,
        "(13, 34)": 2.7776640730080646,
        "(13, 35)": 2.9449793358201344,
        "(13, 36)": 6.893932477955797,
        "(13, 37)": 4.0725408626127955,
        "(14, 0)": 6.319941227988114,
        "(14, 1)": 5.168600327864613,
        "(14, 2)": 3.4598348065245927,
        "(14, 3)": 3.945142736779499,
        "(14, 4)": 4.813641662456356,
        "(14, 5)": 8.089549422975994,
        "(14, 6)": 9.500422401200009,
        "(14, 7)": 6.255523985346415,
        "(14, 8)": 4.5331580598257375,
        "(14, 9)": 4.279985422453095,
        "(14, 10)": 2.5088595856912432,
        "(14, 11)": 5.93230839034624,
        "(14, 12)": 6.1777334882286725,
        "(14, 13)": 4.313015874279953,
        "(14, 14)": 0.0,
        "(14, 15)": 5.793577556288398,
        "(14, 16)": 7.175926842321714,
        "(14, 17)": 3.7575462676192855,
        "(14, 18)": 3.005085230256116,
        "(14, 19)": 4.006267375330568,
        "(14, 20)": 7.227259674179617,
        "(14, 21)": 7.568576174076094,
        "(14, 22)": 7.139620393911577,
        "(14, 23)": 3.2111891929936904,
        "(14, 24)": 3.2669676912769123,
        "(14, 25)": 3.169687918533749,
        "(14, 26)": 3.7528675599772567,
        "(14, 27)": 4.750413246760892,
        "(14, 28)": 5.7852318389691435,
        "(14, 29)": 5.015302430345352,
        "(14, 30)": 5.503616718768499,
        "(14, 31)": 5.294227528390236,
        "(14, 32)": 3.691963368135014,
        "(14, 33)": 1.7318397945982786,
        "(14, 34)": 3.9316051901361337,
        "(14, 35)": 5.020840347338235,
        "(14, 36)": 7.323347061996858,
        "(14, 37)": 4.416800965259801,
        "(15, 0)": 11.06022090817341,
        "(15, 1)": 9.636666768856873,
        "(15, 2)": 8.040510130715637,
        "(15, 3)": 6.015493185955693,
        "(15, 4)": 3.3250818989433064,
        "(15, 5)": 10.562143094618106,
        "(15, 6)": 4.8026253522153,
        "(15, 7)": 1.921126913510923,
        "(15, 8)": 2.2688432827794687,
        "(15, 9)": 8.654546797098027,
        "(15, 10)": 5.402652300705136,
        "(15, 11)": 10.633548847663961,
        "(15, 12)": 9.438276795921567,
        "(15, 13)": 4.696439181030794,
        "(15, 14)": 5.793577556288398,
        "(15, 15)": 0.0,
        "(15, 16)": 11.80464922759658,
        "(15, 17)": 5.821636066572486,
        "(15, 18)": 6.488599209710329,
        "(15, 19)": 7.181044391986671,
        "(15, 20)": 2.450718325482109,
        "(15, 21)": 10.109339411213732,
        "(15, 22)": 9.361033193696606,
        "(15, 23)": 5.127516598963978,
        "(15, 24)": 7.037222526578789,
        "(15, 25)": 7.963262071337667,
        "(15, 26)": 8.463161724108115,
        "(15, 27)": 9.49055575102511,
        "(15, 28)": 10.558745507573876,
        "(15, 29)": 4.914899316654716,
        "(15, 30)": 3.9746044231460242,
        "(15, 31)": 1.8651868070510809,
        "(15, 32)": 3.2395392309255358,
        "(15, 33)": 5.245346371669466,
        "(15, 34)": 6.28906797076101,
        "(15, 35)": 2.8147145932549957,
        "(15, 36)": 3.228483260135383,
        "(15, 37)": 2.405575716978687,
        "(16, 0)": 2.189795461192315,
        "(16, 1)": 5.815833690940251,
        "(16, 2)": 4.770321444933898,
        "(16, 3)": 9.174235647875923,
        "(16, 4)": 10.96366013524068,
        "(16, 5)": 10.762913213955095,
        "(16, 6)": 15.261369704351942,
        "(16, 7)": 12.065757167278388,
        "(16, 8)": 10.598201490504351,
        "(16, 9)": 6.227651794649622,
        "(16, 10)": 8.305167105895634,
        "(16, 11)": 2.309202132177654,
        "(16, 12)": 8.669017324411325,
        "(16, 13)": 10.19079672846495,
        "(16, 14)": 7.175926842321714,
        "(16, 15)": 11.80464922759658,
        "(16, 16)": 0.0,
        "(16, 17)": 9.114388133184008,
        "(16, 18)": 7.838009712910132,
        "(16, 19)": 8.219734588151212,
        "(16, 20)": 13.167436966873128,
        "(16, 21)": 10.364495121287206,
        "(16, 22)": 10.504915970960047,
        "(16, 23)": 9.011911127829235,
        "(16, 24)": 7.485917890644971,
        "(16, 25)": 5.206465933451424,
        "(16, 26)": 5.340212011965306,
        "(16, 27)": 4.653036086295328,
        "(16, 28)": 2.8345012692857052,
        "(16, 29)": 10.819044729956314,
        "(16, 30)": 11.56377288949962,
        "(16, 31)": 11.422476186134718,
        "(16, 32)": 9.851025480508357,
        "(16, 33)": 7.874065852042843,
        "(16, 34)": 8.962766618386453,
        "(16, 35)": 11.195929687255088,
        "(16, 36)": 12.854187324168352,
        "(16, 37)": 10.399641682126644,
        "(17, 0)": 8.044951752005293,
        "(17, 1)": 5.364674925488688,
        "(17, 2)": 5.830840770694571,
        "(17, 3)": 1.2337333282283387,
        "(17, 4)": 3.713894208899667,
        "(17, 5)": 5.957377646043866,
        "(17, 6)": 9.540552994328687,
        "(17, 7)": 6.629589525974108,
        "(17, 8)": 4.7444589327157995,
        "(17, 9)": 4.41805549137313,
        "(17, 10)": 2.2794637114576646,
        "(17, 11)": 7.8052049686395915,
        "(17, 12)": 4.616775889695559,
        "(17, 13)": 2.3551738870298493,
        "(17, 14)": 3.7575462676192855,
        "(17, 15)": 5.821636066572486,
        "(17, 16)": 9.114388133184008,
        "(17, 17)": 0.0,
        "(17, 18)": 2.280839254471202,
        "(17, 19)": 2.4394567418301483,
        "(17, 20)": 7.180719284132034,
        "(17, 21)": 5.461588554158504,
        "(17, 22)": 4.826733026864527,
        "(17, 23)": 1.8326746530212836,
        "(17, 24)": 2.7257765169504813,
        "(17, 25)": 4.95053473012247,
        "(17, 26)": 4.841726548960766,
        "(17, 27)": 5.776978737688559,
        "(17, 28)": 7.40595945537175,
        "(17, 29)": 2.788692775175874,
        "(17, 30)": 3.825330736153503,
        "(17, 31)": 5.002660856684453,
        "(17, 32)": 3.78799276431388,
        "(17, 33)": 3.2021372182203804,
        "(17, 34)": 1.4674343986740161,
        "(17, 35)": 4.197179724029272,
        "(17, 36)": 7.934497043089017,
        "(17, 37)": 4.915243373586735,
        "(18, 0)": 6.7641581670006286,
        "(18, 1)": 4.249572766118634,
        "(18, 2)": 4.668308871372028,
        "(18, 3)": 2.3399789013365844,
        "(18, 4)": 4.679282208350909,
        "(18, 5)": 6.10062347910806,
        "(18, 6)": 10.286047099168677,
        "(18, 7)": 7.190006325782596,
        "(18, 8)": 5.279063649705928,
        "(18, 9)": 3.2667239414472924,
        "(18, 10)": 2.1136060631975297,
        "(18, 11)": 6.528879251926219,
        "(18, 12)": 4.300037776117634,
        "(18, 13)": 3.5082475187251414,
        "(18, 14)": 3.005085230256116,
        "(18, 15)": 6.488599209710329,
        "(18, 16)": 7.838009712910132,
        "(18, 17)": 2.280839254471202,
        "(18, 18)": 0.0,
        "(18, 19)": 2.0096292468491788,
        "(18, 20)": 7.9178170257689455,
        "(18, 21)": 5.580157913285409,
        "(18, 22)": 5.134585610238531,
        "(18, 23)": 2.457902915136033,
        "(18, 24)": 1.5550042167498717,
        "(18, 25)": 3.7008702730141256,
        "(18, 26)": 3.5643540605539332,
        "(18, 27)": 4.519127861892843,
        "(18, 28)": 6.125327951233976,
        "(18, 29)": 4.043773285417981,
        "(18, 30)": 4.985124979700055,
        "(18, 31)": 5.752804886577131,
        "(18, 32)": 4.2711938717682525,
        "(18, 33)": 2.7682836748351995,
        "(18, 34)": 2.1641104383069254,
        "(18, 35)": 5.096447462201623,
        "(18, 36)": 8.43196535595808,
        "(18, 37)": 5.343114389402767,
        "(19, 0)": 7.082445138850698,
        "(19, 1)": 4.029139975503823,
        "(19, 2)": 5.406793809109064,
        "(19, 3)": 2.325117519908816,
        "(19, 4)": 5.147771748156568,
        "(19, 5)": 5.091042607454132,
        "(19, 6)": 10.939348041474565,
        "(19, 7)": 7.945713061605464,
        "(19, 8)": 6.034291437794828,
        "(19, 9)": 3.156382870196366,
        "(19, 10)": 3.0018506789698196,
        "(19, 11)": 6.926727416914205,
        "(19, 12)": 3.3521773844957004,
        "(19, 13)": 3.7890550983194813,
        "(19, 14)": 4.006267375330568,
        "(19, 15)": 7.181044391986671,
        "(19, 16)": 8.219734588151212,
        "(19, 17)": 2.4394567418301483,
        "(19, 18)": 2.0096292468491788,
        "(19, 19)": 0.0,
        "(19, 20)": 8.57189222556603,
        "(19, 21)": 4.570539076429032,
        "(19, 22)": 4.143555091894383,
        "(19, 23)": 3.0552008346449346,
        "(19, 24)": 1.8714131450674718,
        "(19, 25)": 4.3040247863121,
        "(19, 26)": 3.8833487763485244,
        "(19, 27)": 4.6686968511794555,
        "(19, 28)": 6.4256146511085905,
        "(19, 29)": 4.133285776652785,
        "(19, 30)": 5.240548968956409,
        "(19, 31)": 6.388907384269527,
        "(19, 32)": 5.036595465039678,
        "(19, 33)": 3.7635971775554706,
        "(19, 34)": 2.0213237812984195,
        "(19, 35)": 5.621498801894749,
        "(19, 36)": 9.224564062159532,
        "(19, 37)": 6.149326336732739,
        "(20, 0)": 12.46030982167854,
        "(20, 1)": 11.083739526622564,
        "(20, 2)": 9.419004355070102,
        "(20, 3)": 7.361392791068257,
        "(20, 4)": 4.5434544660041105,
        "(20, 5)": 11.775351081756869,
        "(20, 6)": 3.3703820555274344,
        "(20, 7)": 2.184167496383962,
        "(20, 8)": 3.717601539350637,
        "(20, 9)": 10.1002641345371,
        "(20, 10)": 6.842135267413943,
        "(20, 11)": 12.022087072108787,
        "(20, 12)": 10.785059396166806,
        "(20, 13)": 5.97039212201921,
        "(20, 14)": 7.227259674179617,
        "(20, 15)": 2.450718325482109,
        "(20, 16)": 13.167436966873128,
        "(20, 17)": 7.180719284132034,
        "(20, 18)": 7.9178170257689455,
        "(20, 19)": 8.57189222556603,
        "(20, 20)": 0.0,
        "(20, 21)": 11.344131984534876,
        "(20, 22)": 10.566733694303563,
        "(20, 23)": 6.528938855549153,
        "(20, 24)": 8.469195315796998,
        "(20, 25)": 9.395758798491242,
        "(20, 26)": 9.911500282727859,
        "(20, 27)": 10.937687978034354,
        "(20, 28)": 11.9733942911684,
        "(20, 29)": 6.063309044241759,
        "(20, 30)": 4.97081068023245,
        "(20, 31)": 3.1829848413725035,
        "(20, 32)": 4.687052815066862,
        "(20, 33)": 6.693602083873585,
        "(20, 34)": 7.64613548434189,
        "(20, 35)": 4.025785759394562,
        "(20, 36)": 2.597660439932697,
        "(20, 37)": 3.813724832861598,
        "(21, 0)": 9.1786325773673,
        "(21, 1)": 5.554757417548006,
        "(21, 2)": 8.547368556353126,
        "(21, 3)": 5.233698399785263,
        "(21, 4)": 7.811689499577857,
        "(21, 5)": 1.520973296601364,
        "(21, 6)": 13.621133567765034,
        "(21, 7)": 10.977094231169707,
        "(21, 8)": 9.152247449400795,
        "(21, 9)": 5.399574607599382,
        "(21, 10)": 6.488318596038562,
        "(21, 11)": 9.233465879574755,
        "(21, 12)": 2.724826329722708,
        "(21, 13)": 6.4130633959957475,
        "(21, 14)": 7.568576174076094,
        "(21, 15)": 10.109339411213732,
        "(21, 16)": 10.364495121287206,
        "(21, 17)": 5.461588554158504,
        "(21, 18)": 5.580157913285409,
        "(21, 19)": 4.570539076429032,
        "(21, 20)": 11.344131984534876,
        "(21, 21)": 0.0,
        "(21, 22)": 1.8381150478217998,
        "(21, 23)": 6.286625455136769,
        "(21, 24)": 5.327431114616617,
        "(21, 25)": 7.337659714872031,
        "(21, 26)": 6.559332395191406,
        "(21, 27)": 6.808970980202211,
        "(21, 28)": 8.561718167216753,
        "(21, 29)": 6.292921194623206,
        "(21, 30)": 7.451435536318608,
        "(21, 31)": 9.250102785392713,
        "(21, 32)": 8.234759230087494,
        "(21, 33)": 7.318946662084239,
        "(21, 34)": 5.032113588266081,
        "(21, 35)": 8.332369004999107,
        "(21, 36)": 12.300629779207329,
        "(21, 37)": 9.356370287517569,
        "(22, 0)": 9.315212211536622,
        "(22, 1)": 5.702526905042547,
        "(22, 2)": 8.367270864370404,
        "(22, 3)": 4.593912238429041,
        "(22, 4)": 7.0488407419853125,
        "(22, 5)": 2.2092309281444393,
        "(22, 6)": 12.825700231655944,
        "(22, 7)": 10.241140356464664,
        "(22, 8)": 8.447151952534242,
        "(22, 9)": 5.369597074284716,
        "(22, 10)": 5.94249585092198,
        "(22, 11)": 9.316968168338333,
        "(22, 12)": 2.8852907673042036,
        "(22, 13)": 5.6730322074482205,
        "(22, 14)": 7.139620393911577,
        "(22, 15)": 9.361033193696606,
        "(22, 16)": 10.504915970960047,
        "(22, 17)": 4.826733026864527,
        "(22, 18)": 5.134585610238531,
        "(22, 19)": 4.143555091894383,
        "(22, 20)": 10.566733694303563,
        "(22, 21)": 1.8381150478217998,
        "(22, 22)": 0.0,
        "(22, 23)": 5.659329679055549,
        "(22, 24)": 4.970898761589318,
        "(22, 25)": 7.177944311950232,
        "(22, 26)": 6.483517745170902,
        "(22, 27)": 6.877936343454443,
        "(22, 28)": 8.677596365853935,
        "(22, 29)": 5.505155432894323,
        "(22, 30)": 6.64851184860943,
        "(22, 31)": 8.49810240161355,
        "(22, 32)": 7.558611305436299,
        "(22, 33)": 6.814540722489515,
        "(22, 34)": 4.428210700867864,
        "(22, 35)": 7.568876047788793,
        "(22, 36)": 11.566805013214738,
        "(22, 37)": 8.67016358787047,
        "(23, 0)": 8.006368435423173,
        "(23, 1)": 5.707475643253734,
        "(23, 2)": 5.513960988651622,
        "(23, 3)": 2.065953858995148,
        "(23, 4)": 3.221522929230836,
        "(23, 5)": 6.785455550048219,
        "(23, 6)": 8.898907862520657,
        "(23, 7)": 5.8935229665580975,
        "(23, 8)": 3.9862861611189753,
        "(23, 9)": 4.723928537764219,
        "(23, 10)": 1.7347844198347255,
        "(23, 11)": 7.711729929210186,
        "(23, 12)": 5.357621645412686,
        "(23, 13)": 2.1804848757268998,
        "(23, 14)": 3.2111891929936904,
        "(23, 15)": 5.127516598963978,
        "(23, 16)": 9.011911127829235,
        "(23, 17)": 1.8326746530212836,
        "(23, 18)": 2.457902915136033,
        "(23, 19)": 3.0552008346449346,
        "(23, 20)": 6.528938855549153,
        "(23, 21)": 6.286625455136769,
        "(23, 22)": 5.659329679055549,
        "(23, 23)": 0.0,
        "(23, 24)": 3.0080044619135027,
        "(23, 25)": 4.805497637206133,
        "(23, 26)": 4.90008457204425,
        "(23, 27)": 5.901728744728931,
        "(23, 28)": 7.392063376992971,
        "(23, 29)": 2.8448052439853977,
        "(23, 30)": 3.59251516588872,
        "(23, 31)": 4.34811482362835,
        "(23, 32)": 3.0007314928909046,
        "(23, 33)": 2.5488352110791435,
        "(23, 34)": 2.258020840767853,
        "(23, 35)": 3.643983033989041,
        "(23, 36)": 7.1808847221616725,
        "(23, 37)": 4.125746892773743,
        "(24, 0)": 6.379671461071217,
        "(24, 1)": 3.70273815280603,
        "(24, 2)": 4.53952085381256,
        "(24, 3)": 2.728709110400939,
        "(24, 4)": 5.2275595774540955,
        "(24, 5)": 5.847438884945131,
        "(24, 6)": 10.83653155664112,
        "(24, 7)": 7.727642404762267,
        "(24, 8)": 5.820155510803941,
        "(24, 9)": 2.7257231631040826,
        "(24, 10)": 2.644843042603833,
        "(24, 11)": 6.181183721425705,
        "(24, 12)": 3.91636681992951,
        "(24, 13)": 4.019861510545989,
        "(24, 14)": 3.2669676912769123,
        "(24, 15)": 7.037222526578789,
        "(24, 16)": 7.485917890644971,
        "(24, 17)": 2.7257765169504813,
        "(24, 18)": 1.5550042167498717,
        "(24, 19)": 1.8714131450674718,
        "(24, 20)": 8.469195315796998,
        "(24, 21)": 5.327431114616617,
        "(24, 22)": 4.970898761589318,
        "(24, 23)": 3.0080044619135027,
        "(24, 24)": 0.0,
        "(24, 25)": 3.4610372106580196,
        "(24, 26)": 3.1573350450103166,
        "(24, 27)": 4.056235903563858,
        "(24, 28)": 5.730579185101405,
        "(24, 29)": 4.513790225015118,
        "(24, 30)": 5.5021394920655675,
        "(24, 31)": 6.3065882766063694,
        "(24, 32)": 4.813311966128694,
        "(24, 33)": 3.182264762419032,
        "(24, 34)": 2.486683924116601,
        "(24, 35)": 5.6496080108042355,
        "(24, 36)": 8.959018519858654,
        "(24, 37)": 5.872086408403404,
        "(25, 0)": 4.228139163154118,
        "(25, 1)": 3.5629426152243098,
        "(25, 2)": 2.213602816026502,
        "(25, 3)": 5.03677937382132,
        "(25, 4)": 6.811288269485023,
        "(25, 5)": 7.831598500727818,
        "(25, 6)": 11.655329893577724,
        "(25, 7)": 8.406346837282827,
        "(25, 8)": 6.701895567157766,
        "(25, 9)": 3.048686378901288,
        "(25, 10)": 4.1030779203846715,
        "(25, 11)": 3.9075197076032775,
        "(25, 12)": 5.66682775719318,
        "(25, 13)": 5.984384376508574,
        "(25, 14)": 3.169687918533749,
        "(25, 15)": 7.963262071337667,
        "(25, 16)": 5.206465933451424,
        "(25, 17)": 4.95053473012247,
        "(25, 18)": 3.7008702730141256,
        "(25, 19)": 4.3040247863121,
        "(25, 20)": 9.395758798491242,
        "(25, 21)": 7.337659714872031,
        "(25, 22)": 7.177944311950232,
        "(25, 23)": 4.805497637206133,
        "(25, 24)": 3.4610372106580196,
        "(25, 25)": 0.0,
        "(25, 26)": 1.9477193725336674,
        "(25, 27)": 2.703806931705586,
        "(25, 28)": 3.6496482571242246,
        "(25, 29)": 6.617995560665721,
        "(25, 30)": 7.367171912219498,
        "(25, 31)": 7.445931744960327,
        "(25, 32)": 5.8331435428264955,
        "(25, 33)": 3.779257358319752,
        "(25, 34)": 4.860526362134101,
        "(25, 35)": 7.090042205783301,
        "(25, 36)": 9.423780162922398,
        "(25, 37)": 6.583436974053006,
        "(26, 0)": 4.2225441926758105,
        "(26, 1)": 2.6200740971964374,
        "(26, 2)": 3.1014218566740994,
        "(26, 3)": 4.873969085494917,
        "(26, 4)": 7.053151639641493,
        "(26, 5)": 7.037282522499286,
        "(26, 6)": 12.221102024265909,
        "(26, 7)": 8.988061365076398,
        "(26, 8)": 7.194457823438491,
        "(26, 9)": 2.1723916263197403,
        "(26, 10)": 4.279988730621962,
        "(26, 11)": 4.043584018379347,
        "(26, 12)": 4.853467696364205,
        "(26, 13)": 6.038585073956412,
        "(26, 14)": 3.7528675599772567,
        "(26, 15)": 8.463161724108115,
        "(26, 16)": 5.340212011965306,
        "(26, 17)": 4.841726548960766,
        "(26, 18)": 3.5643540605539332,
        "(26, 19)": 3.8833487763485244,
        "(26, 20)": 9.911500282727859,
        "(26, 21)": 6.559332395191406,
        "(26, 22)": 6.483517745170902,
        "(26, 23)": 4.90008457204425,
        "(26, 24)": 3.1573350450103166,
        "(26, 25)": 1.9477193725336674,
        "(26, 26)": 0.0,
        "(26, 27)": 2.0329907736369686,
        "(26, 28)": 3.573500511887451,
        "(26, 29)": 6.605345171887408,
        "(26, 30)": 7.491002403078271,
        "(26, 31)": 7.8667543551568535,
        "(26, 32)": 6.258455056694479,
        "(26, 33)": 4.217933226736479,
        "(26, 34)": 4.643217721964666,
        "(26, 35)": 7.394222722663974,
        "(26, 36)": 10.076037190383579,
        "(26, 37)": 7.1261620877827845,
        "(27, 0)": 3.4730258558653673,
        "(27, 1)": 2.3146848222791196,
        "(27, 2)": 3.545659536287761,
        "(27, 3)": 5.784067675941584,
        "(27, 4)": 8.074172702799036,
        "(27, 5)": 7.2447454364234405,
        "(27, 6)": 13.239697574245374,
        "(27, 7)": 10.001091030972379,
        "(27, 8)": 8.221712468386741,
        "(27, 9)": 2.5812003759451887,
        "(27, 10)": 5.302004339296794,
        "(27, 11)": 3.4391632797832465,
        "(27, 12)": 5.087619207106078,
        "(27, 13)": 7.019994541292957,
        "(27, 14)": 4.750413246760892,
        "(27, 15)": 9.49055575102511,
        "(27, 16)": 4.653036086295328,
        "(27, 17)": 5.776978737688559,
        "(27, 18)": 4.519127861892843,
        "(27, 19)": 4.6686968511794555,
