seed,day,hour,functional_pickups,functional_deliveries,depot_visits,depot_deliveries,unique_stations_visited,breakdowns_onsite,breakdowns_depot,damaged_fraction_onsite,damaged_fraction_depot,restored_onsite,restored_depot,total_breakdowns,total_restored,starvations,congestions,bike_departures,bike_arrivals,total_trips,new_failures_body_accessories,new_failures_drivetrain,new_failures_steering_chassis,new_failures_wheels_tires,new_failures_braking_system,new_failures_electronics,new_failures_locking_system
48,6,23,0,0,0,0,0,0,0,0.0107,0.0187,0,0,0,0,0,0,0,0,0,-31,-24,-24,-21,-17,-19,-16
48,7,0,0,0,0,0,0,0,0,0.0107,0.0187,0,0,0,0,0,0,0,0,0,0,0,0,0,0,0,0
48,7,1,0,0,0,0,0,0,0,0.0107,0.0187,0,0,0,0,0,0,0,0,0,0,0,0,0,0,0,0
48,7,2,0,0,0,0,0,0,0,0.0107,0.0187,0,0,0,0,0,0,0,0,0,0,0,0,0,0,0,0
48,7,3,0,0,0,0,0,0,0,0.0107,0.0187,0,0,0,0,0,0,0,0,0,0,0,0,0,0,0,0
48,7,4,0,0,0,0,0,0,0,0.0107,0.0187,0,0,0,0,2,0,30,26,32,0,0,0,0,0,0,0
48,7,5,0,0,0,0,0,0,0,0.0107,0.0187,0,0,0,0,7,0,177,155,184,0,0,0,0,0,0,0
48,7,6,22,36,1,0,6,0,0,0.0107,0.0187,0,0,0,0,9,2,189,183,198,0,0,0,0,0,0,0
48,7,7,22,22,0,0,8,0,1,0.0107,0.0201,0,0,1,0,7,2,125,135,132,1,0,0,0,0,0,0
48,7,8,27,18,0,0,7,0,0,0.0107,0.0201,0,0,0,0,8,2,100,102,108,0,0,0,0,0,0,0
48,7,9,16,25,0,0,5,1,1,0.0094,0.0214,1,0,2,1,7,1,185,178,192,0,1,0,0,1,0,0
48,7,10,21,21,0,0,6,2,0,0.0134,0.0214,0,0,2,0,0,0,172,166,172,1,0,1,0,0,0,0
48,7,11,21,21,0,0,7,3,2,0.016,0.0227,2,0,5,2,11,1,217,203,228,1,0,1,1,0,2,0
48,7,12,21,14,0,0,5,1,0,0.0147,0.0241,1,0,1,1,9,1,201,212,210,0,0,0,1,0,0,0
48,7,13,20,21,0,0,6,1,0,0.0147,0.0241,1,0,1,1,8,1,208,211,216,0,0,1,0,0,0,0
48,7,14,12,18,0,0,6,1,3,0.0147,0.0281,1,0,4,1,47,7,417,368,464,2,0,0,1,1,0,0
48,7,15,18,12,0,0,7,0,3,0.0147,0.0307,0,0,3,0,20,8,264,296,284,0,0,1,0,1,1,0
48,7,16,18,18,0,0,6,0,0,0.0134,0.0321,1,0,0,1,9,13,161,176,170,0,0,0,0,0,0,0
48,7,17,12,12,0,0,6,0,2,0.012,0.0348,1,0,2,1,4,19,194,194,198,0,1,1,0,0,0,0
48,7,18,12,18,0,0,7,1,2,0.012,0.0374,1,0,3,1,11,10,153,155,164,1,1,1,0,0,0,0
48,7,19,11,11,1,15,7,0,0,0.0094,0.0175,2,10,0,12,1,3,95,107,96,0,0,0,0,0,0,0
48,7,20,0,0,0,0,0,0,1,0.0094,0.0188,0,0,1,0,2,3,90,92,92,0,1,0,0,0,0,0
48,7,21,0,0,0,0,0,1,0,0.0094,0.0188,0,0,1,0,0,6,78,79,78,0,1,0,0,0,0,0
48,7,22,0,0,0,0,0,0,0,0.0108,0.0188,0,0,0,0,0,1,0,17,0,0,0,0,0,0,0,0
48,7,23,0,0,0,0,0,0,0,0.0108,0.0188,0,0,0,0,0,0,0,2,0,0,0,0,0,0,0,0
48,8,0,0,0,0,0,0,0,0,0.0108,0.0188,0,0,0,0,0,0,0,0,0,0,0,0,0,0,0,0
48,8,1,0,0,0,0,0,0,0,0.0108,0.0188,0,0,0,0,0,0,0,0,0,0,0,0,0,0,0,0
48,8,2,0,0,0,0,0,0,0,0.0108,0.0188,0,0,0,0,0,0,0,0,0,0,0,0,0,0,0,0
48,8,3,0,0,0,0,0,0,0,0.0108,0.0188,0,0,0,0,0,0,0,0,0,0,0,0,0,0,0,0
48,8,4,0,0,0,0,0,0,0,0.0108,0.0188,0,0,0,0,0,1,28,23,28,0,0,0,0,0,0,0
48,8,5,0,0,0,0,0,0,1,0.0108,0.0188,0,0,1,0,9,6,193,166,202,0,0,0,1,0,0,0
48,8,6,22,27,1,0,5,0,0,0.0094,0.0202,1,0,0,1,11,9,173,172,184,0,0,0,0,0,0,0
48,8,7,22,27,0,0,6,1,0,0.0108,0.0202,0,0,1,0,8,0,100,117,108,0,1,0,0,0,0,0
48,8,8,37,19,0,0,7,1,0,0.0108,0.0202,0,0,1,0,1,2,143,132,144,1,0,0,0,0,0,0
48,8,9,16,34,0,0,5,1,1,0.0108,0.0215,2,0,2,2,4,0,168,157,172,0,1,0,1,0,0,0
48,8,10,31,15,0,0,5,1,0,0.0094,0.0215,1,0,1,1,3,2,145,154,148,0,0,0,1,0,0,0
48,8,11,34,38,0,0,7,0,0,0.0094,0.0215,1,0,0,1,6,4,186,168,192,0,0,0,0,0,0,0
48,8,12,9,12,0,0,4,1,2,0.0108,0.0242,0,0,3,0,5,4,203,220,208,0,1,0,0,0,2,0
48,8,13,20,19,0,0,4,0,1,0.0094,0.0256,1,0,1,1,10,2,276,261,286,0,0,0,0,1,0,0
48,8,14,34,32,0,0,6,3,0,0.0121,0.0256,0,0,3,0,7,1,309,306,316,0,1,1,1,0,0,0
48,8,15,23,24,0,0,4,1,3,0.0108,0.0296,3,0,4,3,9,0,233,234,242,1,0,2,0,0,1,0
48,8,16,20,23,0,0,5,2,1,0.0121,0.031,0,0,3,0,9,3,183,191,192,0,0,1,0,0,1,1
48,8,17,20,18,0,0,5,1,0,0.0135,0.031,1,0,1,1,12,1,158,164,170,0,1,0,0,0,0,0
48,8,18,20,20,0,0,5,1,0,0.0121,0.031,2,0,1,2,11,2,129,135,140,0,0,1,0,0,0,0
48,8,19,18,19,1,11,7,1,1,0.0123,0.0178,0,0,2,0,1,0,83,92,84,0,2,0,0,0,0,0
48,8,20,0,0,0,0,0,0,0,0.0137,0.0178,0,0,0,0,6,3,98,90,104,0,0,0,0,0,0,0
48,8,21,0,0,0,0,0,0,1,0.0137,0.0178,0,0,1,0,1,0,57,70,58,0,1,0,0,0,0,0
48,8,22,0,0,0,0,0,0,0,0.0137,0.0178,0,0,0,0,0,0,2,12,2,0,0,0,0,0,0,0
48,8,23,0,0,0,0,0,0,0,0.0137,0.0191,0,0,0,0,0,0,0,2,0,0,0,0,0,0,0,0
48,9,0,0,0,0,0,0,0,0,0.0137,0.0191,0,0,0,0,0,0,0,1,0,0,0,0,0,0,0,0
48,9,1,0,0,0,0,0,0,0,0.0137,0.0191,0,0,0,0,0,0,0,0,0,0,0,0,0,0,0,0
48,9,2,0,0,0,0,0,0,0,0.0137,0.0191,0,0,0,0,0,0,0,0,0,0,0,0,0,0,0,0
48,9,3,0,0,0,0,0,0,0,0.0137,0.0191,0,0,0,0,0,0,0,0,0,0,0,0,0,0,0,0
48,9,4,0,0,0,0,0,1,0,0.015,0.0191,0,0,1,0,5,0,29,25,34,0,0,1,0,0,0,0
48,9,5,0,0,0,0,0,0,1,0.015,0.0191,0,0,1,0,12,0,178,149,190,0,0,0,0,0,1,0
48,9,6,12,32,1,0,5,0,0,0.0148,0.0202,0,11,0,11,17,4,211,213,228,0,0,0,0,0,0,0
48,9,7,27,19,0,0,5,0,1,0.0135,0.0215,1,0,1,1,8,2,132,144,140,0,1,0,0,0,0,0
48,9,8,34,42,0,0,7,0,0,0.0135,0.0215,0,0,0,0,1,2,131,122,132,0,0,0,0,0,0,0
48,9,9,33,31,0,0,6,2,0,0.0162,0.0215,0,0,2,0,9,2,173,173,182,0,0,2,0,0,0,0
48,9,10,23,15,0,0,7,1,0,0.0148,0.0215,2,0,1,2,1,0,151,150,152,0,1,0,0,0,0,0
48,9,11,19,29,0,0,5,1,0,0.0135,0.0215,1,0,1,1,2,5,184,173,186,1,0,0,0,0,0,0
48,9,12,26,26,0,0,5,0,0,0.0148,0.0215,0,0,0,0,5,6,243,251,248,0,0,0,0,0,0,0
48,9,13,38,24,0,0,5,1,0,0.0148,0.0215,1,0,1,1,11,3,303,278,314,0,0,1,0,0,0,0
48,9,14,24,24,0,0,5,2,2,0.0162,0.0242,1,0,4,1,18,7,324,325,342,1,1,0,0,2,0,0
48,9,15,28,28,0,0,4,2,1,0.0188,0.0256,1,0,3,1,7,11,257,255,264,0,1,1,0,1,0,0
48,9,16,22,24,0,0,5,2,1,0.0175,0.0256,1,0,3,1,5,3,247,242,252,0,2,0,0,1,0,0
48,9,17,12,12,0,0,5,0,0,0.0175,0.0269,1,0,0,1,2,3,204,222,206,0,0,0,0,0,0,0
48,9,18,22,24,0,0,6,0,0,0.0162,0.0269,1,0,0,1,8,4,150,164,158,0,0,0,0,0,0,0
48,9,19,20,30,1,10,10,0,0,0.016,0.0134,0,15,0,15,0,2,108,112,108,0,0,0,0,0,0,0
48,9,20,0,0,0,0,0,0,0,0.016,0.0134,0,0,0,0,0,0,76,88,76,0,0,0,0,0,0,0
48,9,21,0,0,0,0,0,3,0,0.0201,0.0134,0,0,3,0,0,0,72,77,72,0,0,1,0,1,0,1
48,9,22,0,0,0,0,0,0,0,0.0201,0.0134,0,0,0,0,0,0,0,8,0,0,0,0,0,0,0,0
48,9,23,0,0,0,0,0,0,0,0.0201,0.0134,0,0,0,0,0,0,0,1,0,0,0,0,0,0,0,0
48,10,0,0,0,0,0,0,0,0,0.0201,0.0134,0,0,0,0,0,0,0,0,0,0,0,0,0,0,0,0
48,10,1,0,0,0,0,0,0,0,0.0201,0.0134,0,0,0,0,0,0,0,0,0,0,0,0,0,0,0,0
48,10,2,0,0,0,0,0,0,0,0.0201,0.0134,0,0,0,0,0,0,0,0,0,0,0,0,0,0,0,0
48,10,3,0,0,0,0,0,0,0,0.0201,0.0134,0,0,0,0,0,0,0,0,0,0,0,0,0,0,0,0
48,10,4,0,0,0,0,0,0,1,0.0201,0.0147,0,0,1,0,0,0,22,20,22,0,0,1,0,0,0,0
48,10,5,0,0,0,0,0,1,1,0.0214,0.016,0,0,2,0,10,5,184,151,194,0,0,2,0,0,0,0
48,10,6,22,34,1,0,5,0,1,0.0214,0.0174,0,0,1,0,19,9,211,208,230,0,0,0,0,0,1,0
48,10,7,31,16,0,0,6,0,0,0.0201,0.0174,1,0,0,1,13,6,127,141,140,0,0,0,0,0,0,0
48,10,8,26,38,0,0,7,0,0,0.016,0.0174,3,0,0,3,4,0,132,124,136,0,0,0,0,0,0,0
48,10,9,28,19,0,0,5,1,0,0.016,0.0174,1,0,1,1,8,2,222,216,230,0,0,0,1,0,0,0
48,10,10,13,28,0,0,5,0,0,0.0134,0.0174,3,0,0,3,3,2,185,183,188,0,0,0,0,0,0,0
48,10,11,26,26,0,0,4,0,0,0.012,0.0174,0,0,0,0,5,0,189,196,194,0,0,0,0,0,0,0
48,10,12,36,36,0,0,6,0,0,0.012,0.0174,0,0,0,0,4,0,216,217,220,0,0,0,0,0,0,0
48,10,13,30,30,0,0,4,1,0,0.012,0.0174,1,0,1,1,5,0,287,264,292,0,0,0,0,0,1,0
48,10,14,27,27,0,0,5,2,3,0.012,0.0214,0,0,5,0,29,5,377,358,406,0,1,2,1,0,0,1
48,10,15,28,28,0,0,4,2,3,0.0174,0.0241,0,0,5,0,26,0,308,317,334,0,1,2,0,1,1,0
48,10,16,30,30,0,0,6,2,0,0.0201,0.0254,0,0,2,0,3,1,213,242,216,1,1,0,0,0,0,0
48,10,17,22,22,0,0,5,0,0,0.0187,0.0254,1,0,0,1,10,0,188,196,198,0,0,0,0,0,0,0
48,10,18,21,21,0,0,4,0,0,0.0187,0.0254,0,0,0,0,9,4,177,163,186,0,0,0,0,0,0,0
48,10,19,15,8,1,11,5,0,0,0.0161,0.0107,2,10,0,12,4,1,116,130,120,0,0,0,0,0,0,0
48,10,20,0,0,0,0,0,1,1,0.0174,0.012,0,0,2,0,2,1,112,112,114,1,1,0,0,0,0,0
48,10,21,0,0,0,0,0,1,0,0.0187,0.012,0,0,1,0,2,0,78,86,80,0,0,1,0,0,0,0
48,10,22,0,0,0,0,0,0,0,0.0187,0.012,0,0,0,0,0,0,0,18,0,0,0,0,0,0,0,0
48,10,23,0,0,0,0,0,0,0,0.0187,0.012,0,0,0,0,0,0,2,3,2,0,0,0,0,0,0,0
48,11,0,0,0,0,0,0,0,0,0.0187,0.012,0,0,0,0,0,0,0,0,0,0,0,0,0,0,0,0
48,11,1,0,0,0,0,0,0,0,0.0187,0.012,0,0,0,0,0,0,0,0,0,0,0,0,0,0,0,0
48,11,2,0,0,0,0,0,0,0,0.0187,0.012,0,0,0,0,0,0,0,0,0,0,0,0,0,0,0,0
48,11,3,0,0,0,0,0,0,0,0.0187,0.012,0,0,0,0,0,0,0,0,0,0,0,0,0,0,0,0
48,11,4,0,0,0,0,0,0,0,0.0187,0.012,0,0,0,0,2,1,28,22,30,0,0,0,0,0,0,0
48,11,5,0,0,0,0,0,0,1,0.0187,0.0134,0,0,1,0,22,13,178,152,200,0,0,0,0,1,0,0
48,11,6,17,33,1,0,5,0,1,0.0187,0.0134,0,0,1,0,21,12,191,195,212,0,0,0,0,0,1,0
48,11,7,39,20,0,0,6,2,0,0.0214,0.0147,0,0,2,0,7,9,151,152,158,0,0,0,0,1,0,1
48,11,8,39,41,0,0,7,1,0,0.0214,0.0147,1,0,1,1,17,4,147,150,164,1,0,0,0,0,0,0
48,11,9,18,18,0,0,2,0,1,0.0201,0.0147,1,0,1,1,7,3,169,165,176,0,0,0,0,1,0,0
48,11,10,30,39,0,0,6,1,0,0.0214,0.0161,0,0,1,0,7,2,157,154,164,0,0,0,1,0,0,0
48,11,11,27,19,0,0,4,0,0,0.0187,0.0161,2,0,0,2,7,9,191,183,198,0,0,0,0,0,0,0
48,11,12,24,41,0,0,5,1,1,0.0201,0.0174,0,0,2,0,6,7,210,215,216,0,1,0,1,0,0,0
48,11,13,25,25,0,0,4,0,0,0.0187,0.0174,1,0,0,1,9,7,249,246,258,0,0,0,0,0,0,0
48,11,14,24,24,0,0,7,2,0,0.0201,0.0174,1,0,2,1,11,5,305,298,316,0,0,0,0,1,1,0
48,11,15,39,25,0,0,6,2,1,0.0187,0.0187,2,0,3,2,6,3,238,249,244,0,1,1,1,0,0,0
48,11,16,23,34,0,0,6,1,0,0.0187,0.0187,2,0,1,2,0,2,210,204,210,0,0,1,0,0,0,0
48,11,17,10,13,0,0,4,0,1,0.0174,0.0187,1,0,1,1,2,0,112,135,114,1,0,0,0,0,0,0
48,11,18,21,9,0,0,6,0,0,0.0161,0.0201,1,0,0,1,3,0,123,118,126,0,0,0,0,0,0,0
48,11,19,14,19,1,8,7,0,0,0.0162,0.0095,0,0,0,0,2,0,118,123,120,0,0,0,0,0,0,0
48,11,20,0,0,0,0,0,0,0,0.0162,0.0095,0,0,0,0,1,1,87,86,88,0,0,0,0,0,0,0
48,11,21,0,0,0,0,0,0,1,0.0162,0.0108,0,0,1,0,5,9,109,103,114,0,1,0,0,0,0,0
48,11,22,0,0,0,0,0,0,0,0.0162,0.0108,0,0,0,0,0,5,2,23,2,0,0,0,0,0,0,0
48,11,23,0,0,0,0,0,0,0,0.0162,0.0108,0,0,0,0,0,0,0,2,0,0,0,0,0,0,0,0
48,12,0,0,0,0,0,0,0,0,0.0162,0.0108,0,0,0,0,0,0,0,0,0,0,0,0,0,0,0,0
48,12,1,0,0,0,0,0,0,0,0.0162,0.0108,0,0,0,0,0,0,0,1,0,0,0,0,0,0,0,0
48,12,2,0,0,0,0,0,0,0,0.0162,0.0108,0,0,0,0,0,0,0,0,0,0,0,0,0,0,0,0
48,12,3,0,0,0,0,0,0,0,0.0162,0.0108,0,0,0,0,0,0,0,0,0,0,0,0,0,0,0,0
48,12,4,0,0,0,0,0,0,0,0.0162,0.0108,0,0,0,0,1,2,23,20,24,0,0,0,0,0,0,0
48,12,5,0,0,0,0,0,0,0,0.0162,0.0108,0,0,0,0,0,2,14,15,14,0,0,0,0,0,0,0
48,12,6,13,11,1,0,5,0,0,0.0133,0.0107,2,11,0,13,0,0,34,33,34,0,0,0,0,0,0,0
48,12,7,13,27,0,0,4,1,0,0.0147,0.0107,0,0,1,0,2,6,80,71,82,1,0,0,0,0,0,0
48,12,8,24,27,0,0,4,1,0,0.0147,0.0107,1,0,1,1,2,4,74,77,76,0,0,0,0,0,0,1
48,12,9,27,12,0,0,3,0,1,0.0147,0.012,0,0,1,0,16,3,144,129,160,1,0,0,0,0,0,0
48,12,10,17,35,0,0,4,0,0,0.0147,0.012,0,0,0,0,6,1,166,157,172,0,0,0,0,0,0,0
48,12,11,34,34,0,0,7,0,1,0.0147,0.0133,0,0,1,0,10,0,206,198,216,0,0,0,1,0,0,0
48,12,12,36,23,0,0,7,0,1,0.0147,0.0147,0,0,1,0,5,3,243,251,248,1,0,0,0,0,0,0
48,12,13,19,23,0,0,5,0,1,0.0147,0.016,0,0,1,0,3,0,231,225,234,0,0,0,0,0,1,0
48,12,14,26,25,0,0,4,0,0,0.0147,0.016,0,0,0,0,1,2,161,180,162,0,0,0,0,0,0,0
48,12,15,37,35,0,0,8,0,0,0.0147,0.016,0,0,0,0,2,0,228,203,230,0,0,0,0,0,0,0
48,12,16,15,27,0,0,5,0,0,0.0147,0.016,0,0,0,0,3,0,179,196,182,0,0,0,0,0,0,0
48,12,17,18,9,0,0,4,2,0,0.016,0.016,0,0,2,0,1,0,173,184,174,0,0,0,1,0,1,0
48,12,18,36,33,0,0,7,1,1,0.0187,0.0173,0,0,2,0,1,0,103,107,104,0,1,0,1,0,0,0
48,12,19,12,20,1,8,5,0,0,0.0173,0.0067,1,8,0,9,0,0,82,75,82,0,0,0,0,0,0,0
48,12,20,0,0,0,0,0,0,0,0.0173,0.0067,0,0,0,0,2,0,54,67,56,0,0,0,0,0,0,0
48,12,21,0,0,0,0,0,0,0,0.0173,0.0067,0,0,0,0,2,0,88,74,90,0,0,0,0,0,0,0
48,12,22,0,0,0,0,0,0,0,0.0173,0.0067,0,0,0,0,0,1,0,21,0,0,0,0,0,0,0,0
48,12,23,0,0,0,0,0,0,0,0.0173,0.0067,0,0,0,0,0,0,0,0,0,0,0,0,0,0,0,0
48,13,0,0,0,0,0,0,0,0,0.0173,0.0067,0,0,0,0,0,0,0,0,0,0,0,0,0,0,0,0
48,13,1,0,0,0,0,0,0,0,0.0173,0.0067,0,0,0,0,0,0,0,0,0,0,0,0,0,0,0,0
48,13,2,0,0,0,0,0,0,0,0.0173,0.0067,0,0,0,0,0,0,0,1,0,0,0,0,0,0,0,0
48,13,3,0,0,0,0,0,0,0,0.0173,0.0067,0,0,0,0,0,0,0,0,0,0,0,0,0,0,0,0
48,13,4,0,0,0,0,0,0,0,0.0173,0.0067,0,0,0,0,0,0,4,4,4,0,0,0,0,0,0,0
48,13,5,0,0,0,0,0,0,0,0.0173,0.0067,0,0,0,0,1,0,13,11,14,0,0,0,0,0,0,0
48,13,6,19,23,1,0,6,0,0,0.0173,0.0067,0,0,0,0,0,0,28,22,28,0,0,0,0,0,0,0
48,13,7,33,21,0,0,5,0,1,0.0173,0.008,1,0,1,1,1,0,33,34,34,1,0,0,0,0,0,0
48,13,8,21,22,0,0,4,0,0,0.0147,0.008,1,0,0,1,0,2,52,50,52,0,0,0,0,0,0,0
48,13,9,19,29,0,0,6,1,0,0.016,0.008,0,0,1,0,2,0,58,57,60,0,1,0,0,0,0,0
48,13,10,15,16,0,0,5,0,0,0.016,0.008,0,0,0,0,0,0,88,78,88,0,0,0,0,0,0,0
48,13,11,26,34,0,0,7,0,0,0.0147,0.008,1,0,0,1,0,4,108,108,108,0,0,0,0,0,0,0
48,13,12,23,23,0,0,6,1,0,0.0107,0.008,3,0,1,3,2,1,122,113,124,0,0,1,0,0,0,0
48,13,13,33,17,0,0,6,0,0,0.012,0.008,0,0,0,0,1,4,141,151,142,0,0,0,0,0,0,0
48,13,14,16,26,0,0,4,1,0,0.012,0.008,1,0,1,1,2,1,134,119,136,0,0,0,1,0,0,0
48,13,15,27,18,0,0,5,1,0,0.012,0.008,1,0,1,1,3,2,151,155,154,0,1,0,0,0,0,0
48,13,16,25,34,0,0,6,1,0,0.012,0.008,1,0,1,1,0,1,124,143,124,1,0,0,0,0,0,0
48,13,17,28,33,0,0,7,0,0,0.008,0.008,3,0,0,3,0,1,128,114,128,0,0,0,0,0,0,0
48,13,18,26,23,0,0,9,0,0,0.0067,0.008,1,0,0,1,0,0,94,96,94,0,0,0,0,0,0,0
48,13,19,22,26,1,5,6,0,1,0.0054,0.0027,1,0,1,1,0,0,94,98,94,0,0,0,0,1,0,0
48,13,20,0,0,0,0,0,0,0,0.0054,0.0027,0,0,0,0,0,0,44,48,44,0,0,0,0,0,0,0
48,13,21,0,0,0,0,0,0,1,0.0054,0.004,0,0,1,0,3,1,41,49,44,0,0,1,0,0,0,0
48,13,22,0,0,0,0,0,0,0,0.0054,0.004,0,0,0,0,0,0,0,6,0,0,0,0,0,0,0,0
48,13,23,0,0,0,0,0,0,0,0.0054,0.004,0,0,0,0,0,0,0,0,0,0,0,0,0,0,0,0
48,14,0,0,0,0,0,0,0,0,0.0054,0.004,0,0,0,0,0,0,0,1,0,0,0,0,0,0,0,0
48,14,1,0,0,0,0,0,0,0,0.0054,0.004,0,0,0,0,0,0,0,0,0,0,0,0,0,0,0,0
48,14,2,0,0,0,0,0,0,0,0.0054,0.004,0,0,0,0,0,0,0,0,0,0,0,0,0,0,0,0
48,14,3,0,0,0,0,0,0,0,0.0054,0.004,0,0,0,0,0,0,0,0,0,0,0,0,0,0,0,0
48,14,4,0,0,0,0,0,1,0,0.0067,0.004,0,0,1,0,5,0,17,14,22,1,0,0,0,0,0,0
48,14,5,0,0,0,0,0,0,2,0.0067,0.0054,0,0,2,0,12,0,162,135,174,0,0,0,1,0,0,1
48,14,6,22,17,1,0,4,0,0,0.0066,0.0066,0,8,0,8,16,1,174,166,190,0,0,0,0,0,0,0
48,14,7,44,38,0,0,6,0,1,0.0066,0.008,0,0,1,0,5,3,131,137,136,0,0,0,0,1,0,0
48,14,8,28,31,0,0,5,0,1,0.0066,0.0093,0,0,1,0,0,0,110,121,110,0,0,1,0,0,0,0
48,14,9,17,26,0,0,4,0,0,0.0066,0.0093,0,0,0,0,3,2,163,158,166,0,0,0,0,0,0,0
48,14,10,17,24,0,0,6,1,0,0.0066,0.0093,1,0,1,1,0,0,160,164,160,0,0,0,0,0,0,1
48,14,11,28,28,0,0,4,1,0,0.008,0.0093,0,0,1,0,3,0,205,204,208,0,0,0,0,0,0,1
48,14,12,42,28,0,0,7,0,0,0.008,0.0093,0,0,0,0,7,0,245,209,252,0,0,0,0,0,0,0
48,14,13,33,39,0,0,7,0,1,0.008,0.0106,0,0,1,0,9,1,245,263,254,0,0,0,0,0,1,0
48,14,14,29,22,0,0,4,1,1,0.0093,0.012,0,0,2,0,27,14,321,291,348,0,1,0,0,0,1,0
48,14,15,29,43,0,0,6,0,1,0.0093,0.0133,0,0,1,0,8,13,174,210,182,0,0,0,0,0,0,1
48,14,16,27,15,0,0,3,0,1,0.0093,0.0146,0,0,1,0,12,0,172,181,184,0,0,1,0,0,0,0
48,14,17,36,34,0,0,7,0,0,0.0093,0.0146,0,0,0,0,8,2,184,181,192,0,0,0,0,0,0,0
48,14,18,15,30,0,0,6,0,0,0.008,0.0146,1,0,0,1,2,1,144,149,146,0,0,0,0,0,0,0
48,14,19,14,14,1,6,6,0,0,0.008,0.0067,0,0,0,0,1,1,93,103,94,0,0,0,0,0,0,0
48,14,20,0,0,0,0,0,1,0,0.0094,0.0067,0,0,1,0,5,4,89,84,94,0,1,0,0,0,0,0
48,14,21,0,0,0,0,0,0,0,0.0094,0.0067,0,0,0,0,6,2,54,62,60,0,0,0,0,0,0,0
48,14,22,0,0,0,0,0,0,0,0.0094,0.0067,0,0,0,0,0,0,0,10,0,0,0,0,0,0,0,0
48,14,23,0,0,0,0,0,0,0,0.0094,0.0067,0,0,0,0,0,0,0,0,0,0,0,0,0,0,0,0
48,15,0,0,0,0,0,0,0,0,0.0094,0.0067,0,0,0,0,0,0,0,1,0,0,0,0,0,0,0,0
48,15,1,0,0,0,0,0,1,0,0.0107,0.0067,0,0,1,0,0,0,4,3,4,0,0,0,0,0,0,1
48,15,2,0,0,0,0,0,0,0,0.0107,0.0067,0,0,0,0,0,0,0,1,0,0,0,0,0,0,0,0
48,15,3,0,0,0,0,0,0,0,0.0107,0.0067,0,0,0,0,0,0,0,0,0,0,0,0,0,0,0,0
48,15,4,0,0,0,0,0,0,0,0.0107,0.0067,0,0,0,0,0,0,42,28,42,0,0,0,0,0,0,0
48,15,5,0,0,0,0,0,1,0,0.0107,0.0067,0,0,1,0,8,1,210,187,218,0,0,0,0,0,0,1
48,15,6,30,19,1,0,5,0,1,0.012,0.008,0,5,1,5,21,4,191,191,212,0,1,0,0,0,0,0
48,15,7,32,28,0,0,5,0,0,0.0106,0.008,1,0,0,1,10,8,128,142,138,0,0,0,0,0,0,0
48,15,8,31,32,0,0,5,2,0,0.0133,0.008,0,0,2,0,14,0,108,111,122,1,1,0,0,0,0,0
48,15,9,12,31,0,0,5,1,0,0.0146,0.008,0,0,1,0,7,1,157,140,164,0,0,0,1,0,0,0
48,15,10,28,28,0,0,5,1,1,0.0146,0.0093,1,0,2,1,8,5,148,160,156,0,0,1,1,0,0,0
48,15,11,30,18,0,0,6,1,1,0.016,0.0106,0,0,2,0,7,1,211,197,218,0,0,0,0,0,2,0
48,15,12,27,23,0,0,4,1,0,0.016,0.0106,1,0,1,1,7,1,193,193,200,0,0,0,1,0,0,0
48,15,13,25,31,0,0,4,1,1,0.0173,0.012,0,0,2,0,6,5,304,295,310,1,0,1,0,0,0,0
48,15,14,24,19,0,0,4,0,1,0.0173,0.0133,0,0,1,0,32,6,364,330,396,0,0,1,0,0,0,0
48,15,15,17,31,0,0,5,2,0,0.0186,0.0133,1,0,2,1,9,25,221,268,230,1,1,0,0,0,0,0
48,15,16,37,30,0,0,5,0,1,0.0186,0.0146,1,0,1,1,10,6,194,194,204,0,1,0,0,0,0,0
48,15,17,15,23,0,0,5,1,1,0.0186,0.0146,0,0,2,0,5,4,131,137,136,0,0,0,1,0,1,0
48,15,18,40,26,0,0,6,0,0,0.016,0.016,2,0,0,2,6,1,118,126,124,0,0,0,0,0,0,0
48,15,19,11,25,1,5,4,0,1,0.0146,0.0093,1,6,1,7,12,1,80,87,92,0,0,1,0,0,0,0
48,15,20,0,0,0,0,0,0,0,0.0146,0.0106,0,0,0,0,3,0,77,77,80,0,0,0,0,0,0,0
48,15,21,0,0,0,0,0,0,0,0.0146,0.0106,0,0,0,0,0,0,52,56,52,0,0,0,0,0,0,0
48,15,22,0,0,0,0,0,0,0,0.0146,0.0106,0,0,0,0,0,0,0,9,0,0,0,0,0,0,0,0
48,15,23,0,0,0,0,0,0,0,0.0146,0.0106,0,0,0,0,0,0,0,1,0,0,0,0,0,0,0,0
48,16,0,0,0,0,0,0,0,0,0.0146,0.0106,0,0,0,0,0,0,0,0,0,0,0,0,0,0,0,0
48,16,1,0,0,0,0,0,0,0,0.0146,0.0106,0,0,0,0,0,0,0,0,0,0,0,0,0,0,0,0
48,16,2,0,0,0,0,0,0,0,0.0146,0.0106,0,0,0,0,0,0,0,0,0,0,0,0,0,0,0,0
48,16,3,0,0,0,0,0,0,0,0.0146,0.0106,0,0,0,0,0,0,0,0,0,0,0,0,0,0,0,0
48,16,4,0,0,0,0,0,1,0,0.0159,0.0106,0,0,1,0,2,0,30,25,32,0,0,0,0,0,1,0
48,16,5,0,0,0,0,0,0,1,0.0159,0.012,0,0,1,0,17,1,169,146,186,1,0,0,0,0,0,0
48,16,6,14,18,1,0,3,0,0,0.0159,0.012,0,0,0,0,50,14,214,217,264,0,0,0,0,0,0,0
48,16,7,39,23,0,0,6,0,1,0.0133,0.012,2,0,1,2,30,6,152,151,182,1,0,0,0,0,0,0
48,16,8,24,29,0,0,4,0,0,0.012,0.0133,1,0,0,1,3,3,115,115,118,0,0,0,0,0,0,0
48,16,9,26,39,0,0,5,0,0,0.0106,0.0133,1,0,0,1,6,6,128,128,134,0,0,0,0,0,0,0
48,16,10,14,11,0,0,4,0,2,0.008,0.0146,2,0,2,2,0,1,190,180,190,0,1,1,0,0,0,0
48,16,11,24,17,0,0,7,3,0,0.0106,0.0159,0,0,3,0,2,5,172,175,174,0,0,1,0,2,0,0
48,16,12,27,24,0,0,7,0,2,0.012,0.0186,1,0,2,1,12,2,188,187,200,1,1,0,0,0,0,0
48,16,13,13,26,0,0,4,0,1,0.0093,0.0199,1,0,1,1,13,0,297,278,310,0,1,0,0,0,0,0
48,16,14,31,21,0,0,7,1,1,0.0106,0.0212,0,0,2,0,10,3,326,315,336,1,0,0,1,0,0,0
48,16,15,22,32,0,0,7,0,1,0.0106,0.0226,0,0,1,0,15,0,267,274,282,0,0,0,0,0,0,1
48,16,16,31,31,0,0,7,1,0,0.012,0.0226,0,0,1,0,22,0,234,251,256,0,1,0,0,0,0,0
48,16,17,19,10,0,0,4,0,0,0.012,0.0226,0,0,0,0,5,2,183,188,188,0,0,0,0,0,0,0
48,16,18,18,18,0,0,5,0,1,0.012,0.0226,0,0,1,0,2,5,152,160,154,0,0,1,0,0,0,0
48,16,19,9,15,1,11,6,0,0,0.0094,0.0094,2,5,0,7,2,0,108,109,110,0,0,0,0,0,0,0
48,16,20,0,0,0,0,0,0,0,0.0094,0.0094,0,0,0,0,3,0,71,84,74,0,0,0,0,0,0,0
48,16,21,0,0,0,0,0,0,0,0.0094,0.0094,0,0,0,0,3,0,63,64,66,0,0,0,0,0,0,0
48,16,22,0,0,0,0,0,0,0,0.0094,0.0094,0,0,0,0,0,0,2,13,2,0,0,0,0,0,0,0
48,16,23,0,0,0,0,0,0,0,0.0094,0.0094,0,0,0,0,0,0,0,0,0,0,0,0,0,0,0,0
48,17,0,0,0,0,0,0,0,0,0.0094,0.0094,0,0,0,0,0,0,0,0,0,0,0,0,0,0,0,0
48,17,1,0,0,0,0,0,0,0,0.0094,0.0094,0,0,0,0,0,0,0,1,0,0,0,0,0,0,0,0
48,17,2,0,0,0,0,0,0,0,0.0094,0.0094,0,0,0,0,0,0,0,0,0,0,0,0,0,0,0,0
48,17,3,0,0,0,0,0,0,0,0.0094,0.0094,0,0,0,0,0,0,0,0,0,0,0,0,0,0,0,0
48,17,4,0,0,0,0,0,0,0,0.0094,0.0094,0,0,0,0,0,0,40,36,40,0,0,0,0,0,0,0
48,17,5,0,0,0,0,0,1,1,0.0107,0.0107,0,0,2,0,22,2,148,127,170,1,0,0,1,0,0,0
48,17,6,27,35,1,0,5,2,1,0.012,0.012,1,0,3,1,21,5,193,180,214,0,1,0,1,0,1,0
48,17,7,37,26,0,0,5,0,0,0.012,0.012,0,0,0,0,8,5,136,143,144,0,0,0,0,0,0,0
48,17,8,42,34,0,0,6,1,0,0.0134,0.012,0,0,1,0,3,0,115,131,118,0,0,0,0,1,0,0
48,17,9,15,33,0,0,4,1,0,0.0147,0.012,0,0,1,0,3,0,201,181,204,0,0,0,0,1,0,0
48,17,10,27,28,0,0,5,0,0,0.0134,0.012,1,0,0,1,4,0,196,192,200,0,0,0,0,0,0,0
48,17,11,40,27,0,0,5,1,0,0.0134,0.012,0,0,1,0,0,4,182,186,182,0,0,0,0,0,1,0
48,17,12,24,37,0,0,7,2,1,0.0174,0.0134,0,0,3,0,4,1,240,228,244,0,0,0,2,1,0,0
48,17,13,25,25,0,0,4,2,2,0.0187,0.0147,0,0,4,0,18,1,312,314,330,1,1,1,1,0,0,0
48,17,14,39,27,0,0,5,2,1,0.0187,0.0161,2,0,3,2,21,10,355,335,376,1,0,1,0,0,1,0
48,17,15,30,42,0,0,6,1,0,0.0201,0.0174,1,0,1,1,7,4,345,351,352,0,0,0,1,0,0,0
48,17,16,28,15,0,0,4,1,0,0.0201,0.0174,1,0,1,1,12,8,234,255,246,0,0,0,0,1,0,0
48,17,17,20,26,0,0,7,2,1,0.0228,0.0187,0,0,3,0,1,2,179,187,180,0,0,1,1,0,1,0
48,17,18,24,31,0,0,8,1,0,0.0228,0.0187,0,0,1,0,3,0,167,156,170,0,0,0,0,0,1,0
48,17,19,9,9,1,8,7,0,0,0.0217,0.0081,2,0,0,2,6,0,110,125,116,0,0,0,0,0,0,0
48,17,20,0,0,0,0,0,0,0,0.0217,0.0081,0,0,0,0,0,0,112,123,112,0,0,0,0,0,0,0
48,17,21,0,0,0,0,0,1,0,0.023,0.0081,0,0,1,0,3,2,61,65,64,0,0,0,0,0,0,1
48,17,22,0,0,0,0,0,0,0,0.023,0.0081,0,0,0,0,0,1,2,12,2,0,0,0,0,0,0,0
48,17,23,0,0,0,0,0,0,0,0.023,0.0081,0,0,0,0,0,0,0,0,0,0,0,0,0,0,0,0
48,18,0,0,0,0,0,0,0,0,0.023,0.0081,0,0,0,0,0,0,0,0,0,0,0,0,0,0,0,0
48,18,1,0,0,0,0,0,0,0,0.023,0.0081,0,0,0,0,0,0,0,0,0,0,0,0,0,0,0,0
48,18,2,0,0,0,0,0,0,0,0.023,0.0081,0,0,0,0,0,0,0,0,0,0,0,0,0,0,0,0
48,18,3,0,0,0,0,0,0,0,0.023,0.0081,0,0,0,0,0,0,0,0,0,0,0,0,0,0,0,0
48,18,4,0,0,0,0,0,0,0,0.023,0.0081,0,0,0,0,0,0,46,38,46,0,0,0,0,0,0,0
48,18,5,0,0,0,0,0,0,1,0.023,0.0095,0,0,1,0,28,0,150,124,178,0,0,1,0,0,0,0
48,18,6,22,13,1,0,4,0,1,0.0213,0.0107,1,11,1,12,14,4,212,212,226,1,0,0,0,0,0,0
48,18,7,26,29,0,0,6,0,0,0.0187,0.0107,2,0,0,2,10,6,124,135,134,0,0,0,0,0,0,0
48,18,8,15,32,0,0,5,1,0,0.0173,0.0107,1,0,1,1,5,3,135,135,140,0,0,0,0,0,1,0
48,18,9,29,29,0,0,5,1,0,0.02,0.0107,0,0,1,0,1,6,157,147,158,1,0,0,0,0,0,0
48,18,10,34,15,0,0,4,1,0,0.0187,0.0107,1,0,1,1,7,0,195,191,202,0,1,0,0,0,0,0
48,18,11,30,33,0,0,4,0,0,0.02,0.0107,0,0,0,0,6,2,198,202,204,0,0,0,0,0,0,0
48,18,12,24,29,0,0,4,0,1,0.02,0.012,0,0,1,0,7,1,163,173,170,0,0,0,0,0,0,1
48,18,13,32,26,0,0,6,0,2,0.016,0.0147,3,0,2,3,9,0,321,284,330,0,2,0,0,0,0,0
48,18,14,8,25,0,0,4,0,2,0.0147,0.0173,1,0,2,1,20,4,298,310,318,0,1,0,0,1,0,0
48,18,15,34,28,0,0,4,2,1,0.016,0.0187,1,0,3,1,7,1,229,233,236,1,0,0,0,1,0,1
48,18,16,28,34,0,0,6,0,2,0.016,0.02,0,0,2,0,7,5,189,208,196,2,0,0,0,0,0,0
48,18,17,27,20,0,0,6,1,1,0.016,0.0227,1,0,2,1,3,1,133,134,136,0,0,1,0,1,0,0
48,18,18,31,27,0,0,5,1,1,0.0173,0.024,0,0,2,0,2,5,142,137,144,0,0,0,1,0,1,0
48,18,19,14,24,1,7,6,1,0,0.0146,0.0146,2,8,1,10,0,4,86,92,86,0,0,1,0,0,0,0
48,18,20,0,0,0,0,0,0,1,0.016,0.016,0,0,1,0,0,4,74,84,74,1,0,0,0,0,0,0
48,18,21,0,0,0,0,0,0,2,0.016,0.0186,0,0,2,0,1,7,103,103,104,0,0,0,1,1,0,0
48,18,22,0,0,0,0,0,0,0,0.016,0.0186,0,0,0,0,0,0,0,12,0,0,0,0,0,0,0,0
48,18,23,0,0,0,0,0,0,0,0.016,0.0186,0,0,0,0,0,0,0,0,0,0,0,0,0,0,0,0
48,19,0,0,0,0,0,0,0,0,0.016,0.0186,0,0,0,0,0,0,0,0,0,0,0,0,0,0,0,0
48,19,1,0,0,0,0,0,0,0,0.016,0.0186,0,0,0,0,0,0,0,1,0,0,0,0,0,0,0,0
48,19,2,0,0,0,0,0,0,0,0.016,0.0186,0,0,0,0,0,0,0,0,0,0,0,0,0,0,0,0
48,19,3,0,0,0,0,0,0,0,0.016,0.0186,0,0,0,0,0,0,0,0,0,0,0,0,0,0,0,0
48,19,4,0,0,0,0,0,0,0,0.016,0.0186,0,0,0,0,0,1,10,9,10,0,0,0,0,0,0,0
48,19,5,0,0,0,0,0,0,0,0.016,0.0186,0,0,0,0,0,0,20,17,20,0,0,0,0,0,0,0
48,19,6,19,23,1,0,4,0,0,0.0146,0.0186,1,0,0,1,3,0,49,46,52,0,0,0,0,0,0,0
48,19,7,19,18,0,0,6,1,1,0.0133,0.02,2,0,2,2,1,4,63,48,64,1,1,0,0,0,0,0
48,19,8,20,26,0,0,5,0,0,0.0107,0.02,2,0,0,2,0,3,112,112,112,0,0,0,0,0,0,0
48,19,9,26,17,0,0,6,0,0,0.0093,0.02,1,0,0,1,5,3,115,110,120,0,0,0,0,0,0,0
48,19,10,23,32,0,0,5,1,1,0.0107,0.0213,0,0,2,0,11,1,173,167,184,0,0,1,0,1,0,0
48,19,11,22,19,0,0,4,1,0,0.012,0.0213,0,0,1,0,1,0,169,176,170,0,0,0,1,0,0,0
48,19,12,29,18,0,0,5,2,1,0.0146,0.0226,0,0,3,0,3,0,217,208,220,2,0,1,0,0,0,0
48,19,13,23,37,0,0,5,1,1,0.0146,0.024,1,0,2,1,0,0,220,225,220,1,0,1,0,0,0,0
48,19,14,19,19,0,0,5,0,1,0.0133,0.0253,1,0,1,1,3,3,221,206,224,0,0,0,0,1,0,0
48,19,15,19,18,0,0,5,2,1,0.016,0.0253,0,0,3,0,5,0,185,190,190,2,0,1,0,0,0,0
48,19,16,20,21,0,0,5,0,0,0.0146,0.0266,1,0,0,1,9,0,173,169,182,0,0,0,0,0,0,0
48,19,17,23,23,0,0,4,0,0,0.0146,0.0266,0,0,0,0,2,2,156,172,158,0,0,0,0,0,0,0
48,19,18,21,21,0,0,6,1,0,0.0146,0.0266,1,0,1,1,0,3,118,114,118,0,0,1,0,0,0,0
48,19,19,24,12,1,8,5,0,1,0.0148,0.0162,0,0,1,0,0,1,82,102,82,0,0,0,0,1,0,0
48,19,20,0,0,0,0,0,0,0,0.0148,0.0175,0,0,0,0,2,4,74,76,76,0,0,0,0,0,0,0
48,19,21,0,0,0,0,0,0,0,0.0148,0.0175,0,0,0,0,0,2,74,69,74,0,0,0,0,0,0,0
48,19,22,0,0,0,0,0,0,0,0.0148,0.0175,0,0,0,0,0,0,0,15,0,0,0,0,0,0,0,0
48,19,23,0,0,0,0,0,0,0,0.0148,0.0175,0,0,0,0,0,0,0,0,0,0,0,0,0,0,0,0
48,20,0,0,0,0,0,0,0,0,0.0148,0.0175,0,0,0,0,0,0,0,0,0,0,0,0,0,0,0,0
48,20,1,0,0,0,0,0,0,0,0.0148,0.0175,0,0,0,0,0,0,0,0,0,0,0,0,0,0,0,0
48,20,2,0,0,0,0,0,0,0,0.0148,0.0175,0,0,0,0,0,0,0,0,0,0,0,0,0,0,0,0
48,20,3,0,0,0,0,0,0,0,0.0148,0.0175,0,0,0,0,0,0,0,0,0,0,0,0,0,0,0,0
48,20,4,0,0,0,0,0,0,1,0.0148,0.0188,0,0,1,0,0,0,8,6,8,0,0,0,0,0,1,0
48,20,5,0,0,0,0,0,0,0,0.0148,0.0188,0,0,0,0,0,0,16,15,16,0,0,0,0,0,0,0
48,20,6,14,13,1,0,3,0,0,0.012,0.0187,2,7,0,9,0,3,22,20,22,0,0,0,0,0,0,0
48,20,7,26,27,0,0,6,0,0,0.012,0.0187,0,0,0,0,2,1,24,26,26,0,0,0,0,0,0,0
48,20,8,17,31,0,0,6,2,0,0.0147,0.0187,0,0,2,0,0,0,54,47,54,0,1,0,0,1,0,0
48,20,9,18,23,0,0,6,1,0,0.0133,0.0187,2,0,1,2,0,0,114,100,114,0,0,0,1,0,0,0
48,20,10,22,22,0,0,5,0,0,0.0133,0.0187,0,0,0,0,0,4,102,104,102,0,0,0,0,0,0,0
48,20,11,23,10,0,0,5,0,0,0.0133,0.0187,0,0,0,0,0,0,92,93,92,0,0,0,0,0,0,0
48,20,12,23,26,0,0,6,0,1,0.0133,0.02,0,0,1,0,0,0,154,145,154,0,0,1,0,0,0,0
48,20,13,8,17,0,0,5,1,1,0.012,0.02,1,0,2,1,1,0,173,174,174,1,0,0,1,0,0,0
48,20,14,29,20,0,0,7,0,0,0.0133,0.0213,0,0,0,0,3,0,185,182,188,0,0,0,0,0,0,0
48,20,15,20,30,0,0,8,0,0,0.012,0.0213,1,0,0,1,3,3,155,163,158,0,0,0,0,0,0,0
48,20,16,19,19,0,0,4,1,0,0.0133,0.0213,0,0,1,0,7,7,141,147,148,0,1,0,0,0,0,0
48,20,17,27,18,0,0,6,0,0,0.012,0.0213,1,0,0,1,4,0,150,137,154,0,0,0,0,0,0,0
48,20,18,18,27,0,0,7,0,0,0.0107,0.0213,1,0,0,1,4,1,108,120,112,0,0,0,0,0,0,0
48,20,19,18,9,1,11,5,0,1,0.0108,0.0081,0,0,1,0,1,3,85,89,86,0,0,0,1,0,0,0
48,20,20,0,0,0,0,0,0,0,0.0108,0.0081,0,0,0,0,0,2,46,53,46,0,0,0,0,0,0,0
48,20,21,0,0,0,0,0,0,0,0.0108,0.0081,0,0,0,0,4,1,38,41,42,0,0,0,0,0,0,0
48,20,22,0,0,0,0,0,0,0,0.0108,0.0081,0,0,0,0,0,0,0,6,0,0,0,0,0,0,0,0
48,20,23,0,0,0,0,0,0,0,0.0108,0.0081,0,0,0,0,0,0,0,0,0,0,0,0,0,0,0,0
48,21,0,0,0,0,0,0,0,0,0.0108,0.0081,0,0,0,0,0,0,0,0,0,0,0,0,0,0,0,0
48,21,1,0,0,0,0,0,0,0,0.0108,0.0081,0,0,0,0,0,0,0,0,0,0,0,0,0,0,0,0
48,21,2,0,0,0,0,0,0,0,0.0108,0.0081,0,0,0,0,0,0,0,0,0,0,0,0,0,0,0,0
48,21,3,0,0,0,0,0,0,0,0.0108,0.0081,0,0,0,0,0,0,0,0,0,0,0,0,0,0,0,0
48,21,4,0,0,0,0,0,0,1,0.0108,0.0081,0,0,1,0,3,0,39,29,42,0,1,0,0,0,0,0
48,21,5,0,0,0,0,0,1,0,0.0108,0.0095,0,0,1,0,14,1,158,138,172,0,0,1,0,0,0,0
48,21,6,16,16,1,0,3,0,1,0.012,0.0094,0,8,1,8,5,3,219,205,224,0,0,0,0,1,0,0
48,21,7,29,35,0,0,5,0,0,0.0094,0.0107,2,0,0,2,4,3,146,158,150,0,0,0,0,0,0,0
48,21,8,26,37,0,0,5,1,0,0.0094,0.0107,1,0,1,1,3,0,137,138,140,0,1,0,0,0,0,0
48,21,9,23,23,0,0,4,3,0,0.012,0.0107,0,0,3,0,7,0,155,147,162,0,0,3,0,0,0,0
48,21,10,26,26,0,0,6,0,0,0.012,0.0107,1,0,0,1,2,1,134,146,136,0,0,0,0,0,0,0
48,21,11,27,25,0,0,4,0,1,0.012,0.012,0,0,1,0,3,0,177,163,180,0,1,0,0,0,0,0
48,21,12,32,34,0,0,7,1,2,0.012,0.0147,1,0,3,1,4,0,238,239,242,0,1,0,2,0,0,0
48,21,13,38,22,0,0,5,0,0,0.012,0.0147,0,0,0,0,15,2,249,239,264,0,0,0,0,0,0,0
48,21,14,30,32,0,0,5,2,1,0.0147,0.0161,0,0,3,0,22,8,390,367,412,1,1,1,0,0,0,0
48,21,15,25,36,0,0,7,0,1,0.0134,0.0174,1,0,1,1,10,9,258,280,268,0,1,0,0,0,0,0
48,21,16,22,22,0,0,6,0,0,0.0134,0.0174,0,0,0,0,6,7,148,166,154,0,0,0,0,0,0,0
48,21,17,22,25,0,0,6,0,0,0.0134,0.0174,0,0,0,0,2,0,144,144,146,0,0,0,0,0,0,0
48,21,18,21,21,0,0,4,0,0,0.012,0.0174,1,0,0,1,3,3,173,175,176,0,0,0,0,0,0,0
48,21,19,23,12,1,7,7,0,0,0.0122,0.0081,0,0,0,0,7,0,79,94,86,0,0,0,0,0,0,0
48,21,20,0,0,0,0,0,0,1,0.0122,0.0095,0,0,1,0,5,5,91,82,96,0,0,0,0,1,0,0
48,21,21,0,0,0,0,0,1,0,0.0135,0.0095,0,0,1,0,0,4,62,69,62,0,0,0,0,1,0,0
48,21,22,0,0,0,0,0,0,0,0.0135,0.0095,0,0,0,0,0,1,0,16,0,0,0,0,0,0,0,0
48,21,23,0,0,0,0,0,0,0,0.0135,0.0095,0,0,0,0,0,0,0,1,0,0,0,0,0,0,0,0
48,22,0,0,0,0,0,0,0,0,0.0135,0.0095,0,0,0,0,0,0,0,0,0,0,0,0,0,0,0,0
48,22,1,0,0,0,0,0,0,0,0.0135,0.0095,0,0,0,0,0,0,0,0,0,0,0,0,0,0,0,0
48,22,2,0,0,0,0,0,0,0,0.0135,0.0095,0,0,0,0,0,0,0,0,0,0,0,0,0,0,0,0
48,22,3,0,0,0,0,0,0,0,0.0135,0.0095,0,0,0,0,0,0,0,0,0,0,0,0,0,0,0,0
48,22,4,0,0,0,0,0,0,0,0.0135,0.0095,0,0,0,0,0,0,22,17,22,0,0,0,0,0,0,0
48,22,5,0,0,0,0,0,1,0,0.0149,0.0095,0,0,1,0,6,4,180,149,186,0,0,0,0,0,0,1
48,22,6,18,20,1,0,3,3,1,0.0187,0.0107,0,9,4,9,23,10,203,200,226,1,0,1,1,1,0,0
48,22,7,31,32,0,0,6,0,0,0.0174,0.0107,1,0,0,1,13,3,139,142,152,0,0,0,0,0,0,0
48,22,8,27,29,0,0,5,1,0,0.0187,0.0107,0,0,1,0,4,0,106,119,110,0,1,0,0,0,0,0
48,22,9,24,20,0,0,5,1,0,0.016,0.0107,2,0,1,2,7,5,153,152,160,0,0,0,0,1,0,0
48,22,10,7,26,0,0,5,0,0,0.016,0.0107,2,0,0,2,7,1,149,153,156,0,0,0,0,0,0,0
48,22,11,36,36,0,0,5,1,0,0.016,0.0107,0,0,1,0,4,2,180,165,184,0,0,0,0,0,0,1
48,22,12,39,24,0,0,5,1,1,0.0147,0.0107,1,0,2,1,4,4,212,202,216,0,1,0,1,0,0,0
48,22,13,25,23,0,0,5,1,1,0.016,0.0134,1,0,2,1,5,0,269,269,274,0,1,0,0,0,1,0
48,22,14,26,26,0,0,4,2,1,0.0174,0.0147,1,0,3,1,15,5,357,338,372,1,0,0,0,1,1,0
48,22,15,27,27,0,0,4,2,0,0.0187,0.0147,0,0,2,0,5,16,223,248,228,0,0,0,0,0,1,1
48,22,16,22,24,0,0,5,0,1,0.0187,0.0147,1,0,1,1,12,3,206,205,218,0,1,0,0,0,0,0
48,22,17,30,30,0,0,6,0,0,0.0187,0.016,0,0,0,0,18,0,146,147,164,0,0,0,0,0,0,0
48,22,18,28,29,0,0,6,3,1,0.0214,0.0174,1,0,4,1,3,0,139,153,142,0,1,1,2,0,0,0
48,22,19,14,28,1,6,5,1,1,0.0213,0.0106,0,9,2,9,4,1,116,115,120,0,1,0,1,0,0,0
48,22,20,0,0,0,0,0,0,0,0.0226,0.0106,0,0,0,0,2,0,74,88,76,0,0,0,0,0,0,0
48,22,21,0,0,0,0,0,0,0,0.0226,0.0106,0,0,0,0,0,0,40,44,40,0,0,0,0,0,0,0
48,22,22,0,0,0,0,0,0,0,0.0226,0.0106,0,0,0,0,0,0,0,7,0,0,0,0,0,0,0,0
48,22,23,0,0,0,0,0,0,0,0.0226,0.0106,0,0,0,0,0,0,0,1,0,0,0,0,0,0,0,0
48,23,0,0,0,0,0,0,0,0,0.0226,0.0106,0,0,0,0,0,0,0,0,0,0,0,0,0,0,0,0
48,23,1,0,0,0,0,0,0,0,0.0226,0.0106,0,0,0,0,0,0,0,1,0,0,0,0,0,0,0,0
48,23,2,0,0,0,0,0,0,0,0.0226,0.0106,0,0,0,0,0,0,0,0,0,0,0,0,0,0,0,0
48,23,3,0,0,0,0,0,0,0,0.0226,0.0106,0,0,0,0,0,0,0,0,0,0,0,0,0,0,0,0
48,23,4,0,0,0,0,0,1,1,0.0226,0.012,0,0,2,0,4,0,22,18,26,0,1,0,0,0,0,1
48,23,5,0,0,0,0,0,0,1,0.0239,0.0133,0,0,1,0,18,1,184,156,202,0,0,0,0,1,0,0
48,23,6,25,17,1,0,4,2,2,0.0239,0.016,1,0,4,1,25,3,199,189,224,2,0,0,1,1,0,0
48,23,7,35,51,0,0,5,2,0,0.0253,0.016,1,0,2,1,15,15,149,170,164,1,0,0,0,1,0,0
48,23,8,28,23,0,0,5,0,0,0.0253,0.016,1,0,0,1,8,0,146,134,154,0,0,0,0,0,0,0
48,23,9,24,27,0,0,4,1,1,0.0239,0.016,2,0,2,2,10,0,176,174,186,0,1,1,0,0,0,0
48,23,10,28,16,0,0,5,2,1,0.0226,0.0186,3,0,3,3,5,0,153,166,158,1,1,0,0,0,0,1
48,23,11,13,28,0,0,6,0,1,0.0199,0.0199,2,0,1,2,7,0,173,162,180,0,0,1,0,0,0,0
48,23,12,22,22,0,0,5,0,1,0.0199,0.0213,0,0,1,0,8,6,204,206,212,0,1,0,0,0,0,0
48,23,13,34,22,0,0,6,3,1,0.0226,0.0226,0,0,4,0,13,6,309,281,322,1,1,1,0,0,1,0
48,23,14,31,34,0,0,7,0,0,0.0239,0.0226,0,0,0,0,24,11,298,311,322,0,0,0,0,0,0,0
48,23,15,24,21,0,0,5,1,2,0.0226,0.0253,1,0,3,1,14,2,234,232,248,0,0,1,2,0,0,0
48,23,16,12,24,0,0,4,1,1,0.0226,0.0253,1,0,2,1,15,5,215,215,230,2,0,0,0,0,0,0
48,23,17,31,21,0,0,6,2,2,0.0226,0.0279,3,0,4,3,1,1,159,166,160,0,1,1,2,0,0,0
48,23,18,8,18,0,0,4,1,1,0.0213,0.0293,1,0,2,1,10,0,138,146,148,0,0,1,0,1,0,0
48,23,19,27,18,1,11,6,0,0,0.0229,0.0162,0,0,0,0,2,1,100,114,102,0,0,0,0,0,0,0
48,23,20,0,0,0,0,0,0,0,0.0229,0.0162,0,0,0,0,3,1,109,107,112,0,0,0,0,0,0,0
48,23,21,0,0,0,0,0,0,0,0.0229,0.0162,0,0,0,0,0,1,48,58,48,0,0,0,0,0,0,0
48,23,22,0,0,0,0,0,0,0,0.0229,0.0162,0,0,0,0,0,0,0,11,0,0,0,0,0,0,0,0
48,23,23,0,0,0,0,0,0,0,0.0229,0.0162,0,0,0,0,0,0,0,0,0,0,0,0,0,0,0,0
48,24,0,0,0,0,0,0,0,0,0.0229,0.0162,0,0,0,0,0,0,0,0,0,0,0,0,0,0,0,0
48,24,1,0,0,0,0,0,0,0,0.0229,0.0162,0,0,0,0,0,0,0,0,0,0,0,0,0,0,0,0
48,24,2,0,0,0,0,0,0,0,0.0229,0.0162,0,0,0,0,0,0,0,0,0,0,0,0,0,0,0,0
48,24,3,0,0,0,0,0,0,0,0.0229,0.0162,0,0,0,0,0,0,0,0,0,0,0,0,0,0,0,0
48,24,4,0,0,0,0,0,1,0,0.0243,0.0162,0,0,1,0,2,0,34,29,36,1,0,0,0,0,0,0
48,24,5,0,0,0,0,0,1,3,0.0256,0.0202,0,0,4,0,26,4,170,150,196,3,1,0,0,0,0,0
48,24,6,16,15,1,0,3,1,0,0.0268,0.0201,0,6,1,6,37,6,213,195,250,0,0,1,0,0,0,0
48,24,7,19,26,0,0,4,0,0,0.0268,0.0201,0,0,0,0,3,6,123,143,126,0,0,0,0,0,0,0
48,24,8,22,22,0,0,4,0,1,0.0268,0.0214,1,0,1,1,2,2,132,124,134,0,0,1,0,0,0,0
48,24,9,26,24,0,0,5,0,2,0.0228,0.0241,2,0,2,2,6,5,166,159,172,2,0,0,0,0,0,0
48,24,10,26,24,0,0,4,0,0,0.0228,0.0241,0,0,0,0,7,2,163,169,170,0,0,0,0,0,0,0
48,24,11,21,34,0,0,5,2,1,0.0254,0.0241,0,0,3,0,4,8,218,210,222,0,1,1,1,0,0,0
48,24,12,26,26,0,0,6,2,3,0.0254,0.0281,2,0,5,2,13,1,247,240,260,2,0,1,0,1,0,1
48,24,13,28,14,0,0,4,1,0,0.0254,0.0281,0,0,1,0,28,1,308,279,336,0,0,0,1,0,0,0
48,24,14,40,40,0,0,6,1,2,0.0281,0.0295,0,0,3,0,23,9,301,314,324,0,0,0,1,1,0,1
48,24,15,13,14,0,0,4,0,0,0.0268,0.0321,1,0,0,1,20,0,298,291,318,0,0,0,0,0,0,0
48,24,16,13,26,0,0,6,2,0,0.0254,0.0321,2,0,2,2,12,4,270,297,282,2,0,0,0,0,0,0
48,24,17,25,24,0,0,6,1,1,0.0241,0.0321,3,0,2,3,8,0,172,189,180,0,1,0,1,0,0,0
48,24,18,33,32,0,0,7,1,0,0.0254,0.0335,0,0,1,0,5,3,179,180,184,0,0,1,0,0,0,0
48,24,19,29,19,1,8,7,0,0,0.0241,0.0228,1,8,0,9,1,1,125,122,126,0,0,0,0,0,0,0
48,24,20,0,0,0,0,0,0,1,0.0241,0.0241,0,0,1,0,0,0,86,94,86,0,1,0,0,0,0,0
48,24,21,0,0,0,0,0,0,0,0.0241,0.0241,0,0,0,0,4,0,68,74,72,0,0,0,0,0,0,0
48,24,22,0,0,0,0,0,0,0,0.0241,0.0241,0,0,0,0,0,1,2,11,2,0,0,0,0,0,0,0
48,24,23,0,0,0,0,0,0,0,0.0241,0.0241,0,0,0,0,0,1,0,1,0,0,0,0,0,0,0,0
48,25,0,0,0,0,0,0,0,0,0.0241,0.0241,0,0,0,0,0,0,0,2,0,0,0,0,0,0,0,0
48,25,1,0,0,0,0,0,0,0,0.0241,0.0241,0,0,0,0,0,0,0,0,0,0,0,0,0,0,0,0
48,25,2,0,0,0,0,0,0,0,0.0241,0.0241,0,0,0,0,0,0,0,0,0,0,0,0,0,0,0,0
48,25,3,0,0,0,0,0,0,0,0.0241,0.0241,0,0,0,0,0,0,0,0,0,0,0,0,0,0,0,0
48,25,4,0,0,0,0,0,1,0,0.0254,0.0241,0,0,1,0,1,0,27,20,28,0,0,0,0,1,0,0
48,25,5,0,0,0,0,0,0,1,0.0254,0.0254,0,0,1,0,6,2,162,148,168,0,0,0,0,1,0,0
48,25,6,18,28,1,0,5,0,2,0.0228,0.0281,3,0,2,3,15,9,167,156,182,0,0,0,1,0,0,1
48,25,7,35,30,0,0,4,1,0,0.0201,0.0281,1,0,1,1,6,0,128,143,134,0,1,0,0,0,0,0
48,25,8,31,28,0,0,4,0,2,0.0201,0.0281,1,0,2,1,1,0,133,117,134,0,0,1,1,0,0,0
48,25,9,15,31,0,0,6,2,0,0.0214,0.0308,0,0,2,0,2,0,156,154,158,0,1,0,0,1,0,0
48,25,10,26,14,0,0,5,0,2,0.0214,0.0321,1,0,2,1,0,0,178,184,178,0,0,0,1,1,0,0
48,25,11,22,35,0,0,6,1,1,0.0187,0.0335,4,0,2,4,12,0,204,200,216,0,0,0,1,0,1,0
48,25,12,32,22,0,0,7,0,1,0.0161,0.0361,1,0,1,1,4,0,220,219,224,0,0,0,0,1,0,0
48,25,13,11,22,0,0,3,1,1,0.0174,0.0361,0,0,2,0,8,4,272,259,280,0,0,0,0,0,1,1
48,25,14,31,23,0,0,7,0,1,0.0147,0.0388,2,0,1,2,10,2,340,327,350,0,0,0,0,0,0,1
48,25,15,16,15,0,0,4,1,0,0.0147,0.0388,1,0,1,1,12,1,226,250,238,0,0,0,0,1,0,0
48,25,16,18,18,0,0,5,1,1,0.0147,0.0402,1,0,2,1,7,3,217,209,224,1,0,0,0,0,1,0
48,25,17,24,25,0,0,6,1,3,0.0161,0.0415,0,0,4,0,6,1,160,167,166,0,1,0,2,0,0,1
48,25,18,15,15,0,0,6,1,0,0.0161,0.0442,1,0,1,1,4,0,122,141,126,0,0,0,1,0,0,0
48,25,19,14,15,1,13,8,0,0,0.0163,0.0271,0,3,0,3,0,2,80,82,80,0,0,0,0,0,0,0
48,25,20,0,0,0,0,0,1,0,0.0163,0.0271,0,0,1,0,0,0,76,82,76,0,0,0,0,0,1,0
48,25,21,0,0,0,0,0,0,0,0.0176,0.0271,0,0,0,0,0,0,88,76,88,0,0,0,0,0,0,0
48,25,22,0,0,0,0,0,0,0,0.0176,0.0271,0,0,0,0,0,0,0,24,0,0,0,0,0,0,0,0
48,25,23,0,0,0,0,0,0,0,0.0176,0.0271,0,0,0,0,0,0,0,0,0,0,0,0,0,0,0,0
48,26,0,0,0,0,0,0,0,0,0.0176,0.0271,0,0,0,0,0,0,0,0,0,0,0,0,0,0,0,0
48,26,1,0,0,0,0,0,0,0,0.0176,0.0271,0,0,0,0,0,0,0,0,0,0,0,0,0,0,0,0
48,26,2,0,0,0,0,0,0,0,0.0176,0.0271,0,0,0,0,0,0,0,0,0,0,0,0,0,0,0,0
48,26,3,0,0,0,0,0,0,0,0.0176,0.0271,0,0,0,0,0,0,0,0,0,0,0,0,0,0,0,0
48,26,4,0,0,0,0,0,0,0,0.0176,0.0271,0,0,0,0,3,1,17,15,20,0,0,0,0,0,0,0
48,26,5,0,0,0,0,0,0,0,0.0176,0.0271,0,0,0,0,0,0,30,28,30,0,0,0,0,0,0,0
48,26,6,16,29,1,0,4,0,0,0.0174,0.0268,0,8,0,8,3,1,37,30,40,0,0,0,0,0,0,0
48,26,7,30,35,0,0,4,0,0,0.0174,0.0268,0,0,0,0,0,0,78,72,78,0,0,0,0,0,0,0
48,26,8,30,11,0,0,4,1,0,0.0161,0.0268,1,0,1,1,0,5,100,98,100,0,0,0,0,0,1,0
48,26,9,27,31,0,0,4,0,0,0.0161,0.0268,1,0,0,1,6,1,172,161,178,0,0,0,0,0,0,0
48,26,10,25,26,0,0,5,1,4,0.0161,0.0309,1,0,5,1,8,0,204,188,212,0,2,0,2,0,1,0
48,26,11,27,31,0,0,5,1,2,0.0174,0.0349,0,0,3,0,9,1,171,184,180,0,2,0,0,0,1,0
48,26,12,25,21,0,0,7,0,3,0.0174,0.0389,0,0,3,0,3,0,217,213,220,0,1,0,1,0,0,1
48,26,13,11,25,0,0,4,1,2,0.0188,0.0416,0,0,3,0,8,0,236,233,244,1,0,0,2,0,0,0
48,26,14,25,16,0,0,5,1,1,0.0134,0.043,4,0,2,4,3,1,235,220,238,1,0,1,0,0,0,0
48,26,15,12,21,0,0,4,1,1,0.0134,0.0443,2,0,2,2,10,3,190,205,200,0,1,0,0,0,0,1
48,26,16,26,15,0,0,8,1,0,0.0134,0.0443,1,0,1,1,7,6,177,184,184,0,1,0,0,0,0,0
48,26,17,32,33,0,0,6,0,1,0.0134,0.0456,0,0,1,0,1,4,127,135,128,0,0,0,0,1,0,0
48,26,18,19,29,0,0,8,1,1,0.0148,0.047,0,0,2,0,3,0,123,132,126,0,1,1,0,0,0,0
48,26,19,15,10,1,15,7,1,1,0.0164,0.0274,0,0,2,0,2,0,72,69,74,0,0,0,1,0,1,0
48,26,20,0,0,0,0,0,0,1,0.0164,0.0301,0,0,1,0,1,1,87,82,88,0,0,0,1,0,0,0
48,26,21,0,0,0,0,0,0,0,0.0164,0.0301,0,0,0,0,6,0,56,69,62,0,0,0,0,0,0,0
48,26,22,0,0,0,0,0,0,0,0.0164,0.0301,0,0,0,0,0,0,0,10,0,0,0,0,0,0,0,0
48,26,23,0,0,0,0,0,0,0,0.0164,0.0301,0,0,0,0,0,0,0,0,0,0,0,0,0,0,0,0
48,27,0,0,0,0,0,0,0,0,0.0164,0.0301,0,0,0,0,0,0,0,0,0,0,0,0,0,0,0,0
48,27,1,0,0,0,0,0,0,0,0.0164,0.0301,0,0,0,0,0,0,0,0,0,0,0,0,0,0,0,0
48,27,2,0,0,0,0,0,0,0,0.0164,0.0301,0,0,0,0,0,0,0,0,0,0,0,0,0,0,0,0
48,27,3,0,0,0,0,0,0,0,0.0164,0.0301,0,0,0,0,0,0,0,1,0,0,0,0,0,0,0,0
48,27,4,0,0,0,0,0,0,0,0.0164,0.0301,0,0,0,0,0,0,4,4,4,0,0,0,0,0,0,0
48,27,5,0,0,0,0,0,0,0,0.0164,0.0301,0,0,0,0,0,0,14,9,14,0,0,0,0,0,0,0
48,27,6,18,16,1,0,3,0,0,0.0162,0.0296,0,13,0,13,2,0,30,33,32,0,0,0,0,0,0,0
48,27,7,20,30,0,0,4,0,0,0.0135,0.0296,2,0,0,2,2,0,18,17,20,0,0,0,0,0,0,0
48,27,8,24,17,0,0,4,0,0,0.0135,0.0296,0,0,0,0,0,0,38,34,38,0,0,0,0,0,0,0
48,27,9,8,25,0,0,4,1,0,0.0121,0.0296,1,0,1,1,1,0,91,81,92,0,0,0,0,0,1,0
48,27,10,37,22,0,0,6,0,1,0.0135,0.031,0,0,1,0,0,0,92,95,92,1,0,0,0,0,0,0
48,27,11,18,33,0,0,6,1,0,0.0148,0.031,0,0,1,0,0,0,120,111,120,0,0,0,0,0,0,1
48,27,12,30,30,0,0,7,1,0,0.0121,0.031,5,0,1,5,0,0,124,125,124,0,1,0,0,0,0,0
48,27,13,10,10,0,0,5,3,2,0.0108,0.0336,2,0,5,2,8,2,134,133,142,0,1,2,0,1,1,0
48,27,14,20,20,0,0,5,2,1,0.0121,0.035,1,0,3,1,5,4,151,154,156,1,0,0,1,0,1,0
48,27,15,18,8,0,0,5,0,0,0.0094,0.035,2,0,0,2,2,1,172,159,174,0,0,0,0,0,0,0
48,27,16,19,29,0,0,5,0,0,0.0081,0.035,1,0,0,1,1,2,151,156,152,0,0,0,0,0,0,0
48,27,17,15,15,0,0,5,0,0,0.0081,0.035,0,0,0,0,2,1,152,148,154,0,0,0,0,0,0,0
48,27,18,21,14,0,0,6,1,0,0.0067,0.035,1,0,1,1,5,0,111,127,116,0,0,1,0,0,0,0
48,27,19,12,13,1,14,8,0,1,0.0067,0.0175,1,14,1,15,3,0,65,63,68,1,0,0,0,0,0,0
48,27,20,0,0,0,0,0,0,0,0.0067,0.0175,0,0,0,0,5,1,61,66,66,0,0,0,0,0,0,0
48,27,21,0,0,0,0,0,0,0,0.0067,0.0175,0,0,0,0,4,5,42,45,46,0,0,0,0,0,0,0
48,27,22,0,0,0,0,0,0,0,0.0067,0.0175,0,0,0,0,0,2,0,9,0,0,0,0,0,0,0,0
48,27,23,0,0,0,0,0,0,0,0.0067,0.0175,0,0,0,0,0,0,0,0,0,0,0,0,0,0,0,0
