0.0 0.7028920837830329 1.048789472285994 1.992170287651723 1.7525294722384321 0.6184871278885287 
0.7028920837830329 0.0 1.5083046794061707 1.6721409306120654 1.437546021546001 0.6265176409895331 
1.048789472285994 1.5083046794061707 0.0 1.7996909521320186 1.6176029122645552 0.9274895635548543 
1.992170287651723 1.6721409306120654 1.7996909521320186 0.0 0.2416356696762167 1.3746731715915141 
1.7525294722384321 1.437546021546001 1.6176029122645552 0.2416356696762167 0.0 1.1359719057153725 
0.6184871278885287 0.6265176409895331 0.9274895635548543 1.3746731715915141 1.1359719057153725 0.0 
