0.0 0.7028920837830329 1.0487894722859945 1.992170287651723 1.752529472238785 0.6184871278885287 
0.7028920837830329 0.0 1.5083046794061707 1.6721409306113582 1.437546021545647 0.6265176409897104 
1.0487894722859945 1.5083046794061707 0.0 1.7996909521320195 1.6176029122642002 0.9274895635547661 
1.992170287651723 1.6721409306113582 1.7996909521320195 0.0 0.2416356696762167 1.3746731715911604 
1.752529472238785 1.437546021545647 1.6176029122642002 0.2416356696762167 0.0 1.1359719057153725 
0.6184871278885287 0.6265176409897104 0.9274895635547661 1.3746731715911604 1.1359719057153725 0.0 
