{
    "T_D": {
        "(0, 0)": 0.0,
        "(0, 1)": 4.130081778712161,
        "(0, 2)": 15.323917135205217,
        "(0, 3)": 7.391489874016089,
        "(0, 4)": 12.46452497915655,
        "(0, 5)": 20.297851951674694,
        "(0, 6)": 16.19218973323646,
        "(0, 7)": 18.38855286855535,
        "(0, 8)": 5.1561505131198935,
        "(0, 9)": 14.155829844070052,
        "(0, 10)": 7.020719955510401,
        "(0, 11)": 2.8939776478462496,
        "(0, 12)": 13.266896634572753,
        "(0, 13)": 20.48832808625889,
        "(0, 14)": 5.428166159116284,
        "(0, 15)": 10.008077531688244,
        "(0, 16)": 11.19469620301697,
        "(0, 17)": 10.903885118528983,
        "(0, 18)": 13.154225116217102,
        "(0, 19)": 12.103280972332138,
        "(0, 20)": 17.84203125516021,
        "(0, 21)": 2.351075112638357,
        "(0, 22)": 16.37374454209523,
        "(0, 23)": 17.516284013981842,
        "(0, 24)": 12.823198490864156,
        "(0, 25)": 20.27370939355739,
        "(0, 26)": 9.928888894735582,
        "(0, 27)": 11.182276767352423,
        "(0, 28)": 18.473063865654026,
        "(0, 29)": 6.36347556740479,
        "(0, 30)": 14.324400893987473,
        "(0, 31)": 12.847570786664946,
        "(0, 32)": 8.020217018187502,
        "(0, 33)": 10.449439366879483,
        "(0, 34)": 8.52157954763949,
        "(0, 35)": 4.465490032248701,
        "(0, 36)": 10.163895303834956,
        "(0, 37)": 12.306443162060773,
        "(0, 38)": 14.231447438059899,
        "(0, 39)": 15.762765286573401,
        "(0, 40)": 9.39619783454277,
        "(0, 41)": 14.059787100968137,
        "(0, 42)": 3.25892024762063,
        "(0, 43)": 11.539689853751199,
        "(0, 44)": 11.159600873770176,
        "(0, 45)": 9.879380308809575,
        "(0, 46)": 10.129918575153624,
        "(0, 47)": 15.425966428102983,
        "(0, 48)": 11.769651079432832,
        "(0, 49)": 15.155364536999882,
        "(0, 50)": 5.537425600067692,
        "(0, 51)": 12.046948429221835,
        "(0, 52)": 11.13644932963861,
        "(0, 53)": 9.472951586164179,
        "(0, 54)": 7.351088487657136,
        "(0, 55)": 7.320849861283172,
        "(0, 56)": 6.46222612285937,
        "(0, 57)": 4.75509439670498,
        "(0, 58)": 12.906817354716193,
        "(0, 59)": 13.714427619775925,
        "(0, 60)": 13.664039995741465,
        "(0, 61)": 12.082216585696315,
        "(0, 62)": 10.079955317581287,
        "(0, 63)": 10.959442134522074,
        "(0, 64)": 13.40744486147706,
        "(0, 65)": 15.10157572006654,
        "(0, 66)": 12.654401090377386,
        "(1, 0)": 4.130081778712161,
        "(1, 1)": 0.0,
        "(1, 2)": 12.622850155190442,
        "(1, 3)": 4.627360430895671,
        "(1, 4)": 9.339574950499266,
        "(1, 5)": 17.72635348372843,
        "(1, 6)": 14.265942307545062,
        "(1, 7)": 15.696284290408482,
        "(1, 8)": 8.285174385184922,
        "(1, 9)": 11.865438651313537,
        "(1, 10)": 4.067809357953545,
        "(1, 11)": 3.671695114879082,
        "(1, 12)": 10.786908186766627,
        "(1, 13)": 17.77373155667699,
        "(1, 14)": 4.525202946582587,
        "(1, 15)": 7.294049759031242,
        "(1, 16)": 8.08962500993942,
        "(1, 17)": 9.408389519577456,
        "(1, 18)": 10.03869013100165,
        "(1, 19)": 9.581467606595238,
        "(1, 20)": 15.448525679659758,
        "(1, 21)": 5.411363209210632,
        "(1, 22)": 13.598597666669102,
        "(1, 23)": 14.63324781857109,
        "(1, 24)": 10.946374695884785,
        "(1, 25)": 17.952403143548345,
        "(1, 26)": 7.947849485435277,
        "(1, 27)": 8.341091884882797,
        "(1, 28)": 16.290758108457517,
        "(1, 29)": 3.4156781001438117,
        "(1, 30)": 11.40019223729117,
        "(1, 31)": 9.82235859653616,
        "(1, 32)": 5.052570768818796,
        "(1, 33)": 7.320939993844666,
        "(1, 34)": 5.796204331425413,
        "(1, 35)": 1.5284894231750628,
        "(1, 36)": 7.480271154549909,
        "(1, 37)": 9.176867538607596,
        "(1, 38)": 11.102003563863915,
        "(1, 39)": 12.637253503307942,
        "(1, 40)": 6.319941227988114,
        "(1, 41)": 11.06022090817341,
        "(1, 42)": 2.189795461192315,
        "(1, 43)": 8.459360023440919,
        "(1, 44)": 8.044951752005293,
        "(1, 45)": 6.7641581670006286,
        "(1, 46)": 7.082445138850698,
        "(1, 47)": 12.46030982167854,
        "(1, 48)": 9.1786325773673,
        "(1, 49)": 12.040860570684238,
        "(1, 50)": 3.1273388837245824,
        "(1, 51)": 9.315212211536622,
        "(1, 52)": 8.006368435423173,
        "(1, 53)": 6.379671461071217,
        "(1, 54)": 4.228139163154118,
        "(1, 55)": 4.2225441926758105,
        "(1, 56)": 3.4730258558653673,
        "(1, 57)": 1.658607411233613,
        "(1, 58)": 9.78159432274002,
        "(1, 59)": 10.585494735753864,
        "(1, 60)": 10.61122079338543,
        "(1, 61)": 9.011812933756792,
        "(1, 62)": 6.9827179203662055,
        "(1, 63)": 7.864694076001704,
        "(1, 64)": 10.307508837342947,
        "(1, 65)": 12.282477376772077,
        "(1, 66)": 9.65783794674798,
        "(2, 0)": 15.323917135205217,
        "(2, 1)": 12.622850155190442,
        "(2, 2)": 0.0,
        "(2, 3)": 12.0566604203521,
        "(2, 4)": 7.09046289354433,
        "(2, 5)": 6.180601035218105,
        "(2, 6)": 6.241682036513972,
        "(2, 7)": 4.074770703075039,
        "(2, 8)": 19.071821428008697,
        "(2, 9)": 15.820917268059635,
        "(2, 10)": 9.582474046116294,
        "(2, 11)": 13.741436405593573,
        "(2, 12)": 14.39489673942615,
        "(2, 13)": 6.166147997791098,
        "(2, 14)": 11.488431496234636,
        "(2, 15)": 6.339894443479748,
        "(2, 16)": 9.020705827585552,
        "(2, 17)": 7.966312924393003,
        "(2, 18)": 6.536529964659102,
        "(2, 19)": 13.69110832763311,
        "(2, 20)": 4.606541804473332,
        "(2, 21)": 16.24264335073024,
        "(2, 22)": 2.2075943345891016,
        "(2, 23)": 3.7718096910965513,
        "(2, 24)": 6.124446173152773,
        "(2, 25)": 7.028298926119866,
        "(2, 26)": 7.1898172470484925,
        "(2, 27)": 5.343486870631003,
        "(2, 28)": 6.18726990445515,
        "(2, 29)": 10.215889251271737,
        "(2, 30)": 3.3164345281073193,
        "(2, 31)": 5.068518196554865,
        "(2, 32)": 11.12595478079351,
        "(2, 33)": 8.084860016901676,
        "(2, 34)": 7.84272868283499,
        "(2, 35)": 12.128368198484143,
        "(2, 36)": 12.375497522350775,
        "(2, 37)": 7.837248682274916,
        "(2, 38)": 7.757401309174509,
        "(2, 39)": 7.130146210293203,
        "(2, 40)": 7.904409917184844,
        "(2, 41)": 4.236911509167402,
        "(2, 42)": 13.101658907523897,
        "(2, 43)": 9.413146134434404,
        "(2, 44)": 8.805005031317407,
        "(2, 45)": 9.195682836613104,
        "(2, 46)": 10.039292741806417,
        "(2, 47)": 3.6253108280192685,
        "(2, 48)": 13.219134147540116,
        "(2, 49)": 6.4300843480059875,
        "(2, 50)": 10.793235680616347,
        "(2, 51)": 12.50433589583408,
        "(2, 52)": 8.022612212942377,
        "(2, 53)": 9.704403607727077,
        "(2, 54)": 9.924133048575696,
        "(2, 55)": 10.642912213113352,
        "(2, 56)": 11.604127059165277,
        "(2, 57)": 12.250693653990764,
        "(2, 58)": 8.130124587665367,
        "(2, 59)": 7.208813415122029,
        "(2, 60)": 5.086315908378877,
        "(2, 61)": 6.022751295827389,
        "(2, 62)": 7.605963328971789,
        "(2, 63)": 9.263498270520051,
        "(2, 64)": 6.039597171738804,
        "(2, 65)": 2.060984134495909,
        "(2, 66)": 4.8969548845296424,
        "(3, 0)": 7.391489874016089,
        "(3, 1)": 4.627360430895671,
        "(3, 2)": 12.0566604203521,
        "(3, 3)": 0.0,
        "(3, 4)": 7.134504825153655,
        "(3, 5)": 17.2159977760506,
        "(3, 6)": 15.064394754693186,
        "(3, 7)": 14.984361215669955,
        "(3, 8)": 11.417037343799635,
        "(3, 9)": 8.32596515825147,
        "(3, 10)": 4.650358779503412,
        "(3, 11)": 7.298848528484245,
        "(3, 12)": 7.180472404674942,
        "(3, 13)": 16.928608472000615,
        "(3, 14)": 7.603423022496924,
        "(3, 15)": 7.360199429739285,
        "(3, 16)": 5.308597541439799,
        "(3, 17)": 11.158047030420988,
        "(3, 18)": 7.928757436090863,
        "(3, 19)": 5.970425141705829,
        "(3, 20)": 15.396585366999373,
        "(3, 21)": 8.742108767687544,
        "(3, 22)": 12.774549738044579,
        "(3, 23)": 13.436095242232351,
        "(3, 24)": 12.055179250975938,
        "(3, 25)": 17.93359548977836,
        "(3, 26)": 9.280133572028523,
        "(3, 27)": 7.832328901316366,
        "(3, 28)": 16.58252228424795,
        "(3, 29)": 4.513578084261635,
        "(3, 30)": 10.254076007021931,
        "(3, 31)": 8.385118324176219,
        "(3, 32)": 1.9886483317438235,
        "(3, 33)": 5.254074210674486,
        "(3, 34)": 6.247061822280777,
        "(3, 35)": 4.686067698692471,
        "(3, 36)": 3.8532181048396987,
        "(3, 37)": 6.701459200324776,
        "(3, 38)": 8.511589481535754,
        "(3, 39)": 10.23760395893289,
        "(3, 40)": 5.168600327864613,
        "(3, 41)": 9.636666768856873,
        "(3, 42)": 5.815833690940251,
        "(3, 43)": 5.481445686907127,
        "(3, 44)": 5.364674925488688,
        "(3, 45)": 4.249572766118634,
        "(3, 46)": 4.029139975503823,
        "(3, 47)": 11.083739526622564,
        "(3, 48)": 5.554757417548006,
        "(3, 49)": 9.826015041121538,
        "(3, 50)": 5.510461543454051,
        "(3, 51)": 5.702526905042547,
        "(3, 52)": 5.707475643253734,
        "(3, 53)": 3.70273815280603,
        "(3, 54)": 3.5629426152243098,
        "(3, 55)": 2.6200740971964374,
        "(3, 56)": 2.3146848222791196,
        "(3, 57)": 4.007022280371482,
        "(3, 58)": 7.134212440689385,
        "(3, 59)": 8.183136415145334,
        "(3, 60)": 8.952875367536386,
        "(3, 61)": 7.397242031559517,
        "(3, 62)": 5.4770532331650355,
        "(3, 63)": 5.018352913468167,
        "(3, 64)": 8.341625844677992,
        "(3, 65)": 11.415646668708861,
        "(3, 66)": 8.377167070694165,
        "(4, 0)": 12.46452497915655,
        "(4, 1)": 9.339574950499266,
        "(4, 2)": 7.09046289354433,
        "(4, 3)": 7.134504825153655,
        "(4, 4)": 0.0,
        "(4, 5)": 11.846917508439073,
        "(4, 6)": 11.647925735249768,
        "(4, 7)": 9.534027397525934,
        "(4, 8)": 16.610104989440877,
        "(4, 9)": 9.745281039605121,
        "(4, 10)": 6.663723753819741,
        "(4, 11)": 11.50564011224654,
        "(4, 12)": 8.310184231381022,
        "(4, 13)": 11.25710327226083,
        "(4, 14)": 10.220153902623803,
        "(4, 15)": 5.542121243044579,
        "(4, 16)": 3.094386952676971,
        "(4, 17)": 10.199066587395775,
        "(4, 18)": 1.7997200008935408,
        "(4, 19)": 7.611738910262728,
        "(4, 20)": 10.69700021749513,
        "(4, 21)": 13.702895194308022,
        "(4, 22)": 7.384650026775897,
        "(4, 23)": 7.622416655380684,
        "(4, 24)": 9.73278687474499,
        "(4, 25)": 13.078239402859252,
        "(4, 26)": 8.315090634558103,
        "(4, 27)": 4.61738318876628,
        "(4, 28)": 12.23581724968201,
        "(4, 29)": 7.255349126159028,
        "(4, 30)": 4.826186781808712,
        "(4, 31)": 3.0651005366318573,
        "(4, 32)": 6.153026912068138,
        "(4, 33)": 3.0290473826589848,
        "(4, 34)": 6.106482124418092,
        "(4, 35)": 9.013078258008488,
        "(4, 36)": 6.513424958001802,
        "(4, 37)": 1.7469230258633117,
        "(4, 38)": 2.947336073377867,
        "(4, 39)": 4.298259228357718,
        "(4, 40)": 4.216924331741151,
        "(4, 41)": 3.9636134743097347,
        "(4, 42)": 10.297619961271307,
        "(4, 43)": 3.3688297791797783,
        "(4, 44)": 2.927226240699918,
        "(4, 45)": 3.886308846053882,
        "(4, 46)": 4.354521297182252,
        "(4, 47)": 5.272358302403591,
        "(4, 48)": 7.1514088494616335,
        "(4, 49)": 3.736947820809781,
        "(4, 50)": 8.43759440205641,
        "(4, 51)": 6.417708711407776,
        "(4, 52)": 2.43109092014549,
        "(4, 53)": 4.432117442521838,
        "(4, 54)": 6.113440272675349,
        "(4, 55)": 6.300268143624479,
        "(4, 56)": 7.313794252007346,
        "(4, 57)": 8.742751653225907,
        "(4, 58)": 2.212714229914094,
        "(4, 59)": 2.2867144510606634,
        "(4, 60)": 3.1144695366065673,
        "(4, 61)": 2.3732190666124398,
        "(4, 62)": 3.485303657991558,
        "(4, 63)": 3.386170029215031,
        "(4, 64)": 2.2699733486303364,
        "(4, 65)": 6.150833345094053,
        "(4, 66)": 3.345590286463366,
        "(5, 0)": 20.297851951674694,
        "(5, 1)": 17.72635348372843,
        "(5, 2)": 6.180601035218105,
        "(5, 3)": 17.2159977760506,
        "(5, 4)": 11.846917508439073,
        "(5, 5)": 0.0,
        "(5, 6)": 7.110358640306723,
        "(5, 7)": 3.31369432680235,
        "(5, 8)": 23.86231415836438,
        "(5, 9)": 20.30620250235325,
        "(5, 10)": 14.718281457940497,
        "(5, 11)": 18.618192757933326,
        "(5, 12)": 18.94489428713818,
        "(5, 13)": 2.546170493418712,
        "(5, 14)": 16.219544774247474,
        "(5, 15)": 11.435124755174156,
        "(5, 16)": 13.903608177737032,
        "(5, 17)": 11.675044727723746,
        "(5, 18)": 11.153927786684815,
        "(5, 19)": 18.399620412571036,
        "(5, 20)": 3.8411170123240868,
        "(5, 21)": 21.1198477572751,
        "(5, 22)": 5.495087138022044,
        "(5, 23)": 5.486303023190732,
        "(5, 24)": 9.426388102036379,
        "(5, 25)": 3.318862662920821,
        "(5, 26)": 11.639782677184828,
        "(5, 27)": 10.517660352027399,
        "(5, 28)": 4.678091209610158,
        "(5, 29)": 15.338085558339118,
        "(5, 30)": 8.088527019502836,
        "(5, 31)": 10.000879050405672,
        "(5, 32)": 16.272344826395713,
        "(5, 33)": 13.146521888774801,
        "(5, 34)": 12.930152962045655,
        "(5, 35)": 17.220435293693658,
        "(5, 36)": 17.322095696495364,
        "(5, 37)": 12.567824023564697,
        "(5, 38)": 11.923146015439269,
        "(5, 39)": 10.65898998471014,
        "(5, 40)": 13.078249339163731,
        "(5, 41)": 8.889683160756793,
        "(5, 42)": 18.12007102120944,
        "(5, 43)": 14.215341665570644,
        "(5, 44)": 13.706192386217722,
        "(5, 45)": 14.259185768194623,
        "(5, 46)": 15.034175367786807,
        "(5, 47)": 7.62520226792051,
        "(5, 48)": 17.96448282097829,
        "(5, 49)": 10.265520422551365,
        "(5, 50)": 15.812128788100742,
        "(5, 51)": 17.191334345038253,
        "(5, 52)": 12.981805333057062,
        "(5, 53)": 14.787203697754041,
        "(5, 54)": 15.102903357566055,
        "(5, 55)": 15.82165884256393,
        "(5, 56)": 16.78469678824509,
        "(5, 57)": 17.3858961490987,
        "(5, 58)": 12.688511072276459,
        "(5, 59)": 11.581720907559772,
        "(5, 60)": 9.732587475707899,
        "(5, 61)": 11.004071910436483,
        "(5, 62)": 12.746302583721196,
        "(5, 63)": 14.173382614092384,
        "(5, 64)": 10.633429551181138,
        "(5, 65)": 6.828190371167308,
        "(5, 66)": 9.916219424476317,
        "(6, 0)": 16.19218973323646,
        "(6, 1)": 14.265942307545062,
        "(6, 2)": 6.241682036513972,
        "(6, 3)": 15.064394754693186,
        "(6, 4)": 11.647925735249768,
        "(6, 5)": 7.110358640306723,
        "(6, 6)": 0.0,
        "(6, 7)": 6.868855901460115,
        "(6, 8)": 19.183296577796792,
        "(6, 9)": 20.264078722195283,
        "(6, 10)": 11.709771879212408,
        "(6, 11)": 14.337936968911212,
        "(6, 12)": 18.80718752443742,
        "(6, 13)": 8.293307149052536,
        "(6, 14)": 11.788033703729921,
        "(6, 15)": 8.71431508704125,
        "(6, 16)": 13.221197600632296,
        "(6, 17)": 6.43922976629748,
        "(6, 18)": 11.295232605093577,
        "(6, 19)": 17.923836637756615,
        "(6, 20)": 4.395717612605268,
        "(6, 21)": 16.720877029111264,
        "(6, 22)": 6.962128128179978,
        "(6, 23)": 8.381707501114342,
        "(6, 24)": 4.370230173048615,
        "(6, 25)": 5.773393305199371,
        "(6, 26)": 7.337620662636506,
        "(6, 27)": 8.57289450023869,
        "(6, 28)": 3.7196460974111365,
        "(6, 29)": 12.178031248357636,
        "(6, 30)": 8.33207639586435,
        "(6, 31)": 9.613919096715328,
        "(6, 32)": 14.3066540103919,
        "(6, 33)": 11.936906656943874,
        "(6, 34)": 9.891238000393143,
        "(6, 35)": 13.738168594546613,
        "(6, 36)": 16.23082580672412,
        "(6, 37)": 12.363086355899531,
        "(6, 38)": 12.74652804329148,
        "(6, 39)": 12.338307023546065,
        "(6, 40)": 11.117558355643814,
        "(6, 41)": 9.209673667229241,
        "(6, 42)": 14.27668697380237,
        "(6, 43)": 13.721766188916034,
        "(6, 44)": 12.988076495720591,
        "(6, 45)": 12.934476134813327,
        "(6, 46)": 13.917170457345179,
        "(6, 47)": 8.863302974773177,
        "(6, 48)": 17.41547073815583,
        "(6, 49)": 11.59849906830962,
        "(6, 50)": 12.147350208946492,
        "(6, 51)": 16.814580738736247,
        "(6, 52)": 12.15540473858003,
        "(6, 53)": 13.328253866856036,
        "(6, 54)": 12.548799218900774,
        "(6, 55)": 13.459109299523455,
        "(6, 56)": 14.199446301821729,
        "(6, 57)": 14.137625397449694,
        "(6, 58)": 12.821969884958332,
        "(6, 59)": 12.108454332546698,
        "(6, 60)": 9.963554030544117,
        "(6, 61)": 10.337100322612363,
        "(6, 62)": 11.16711594307439,
        "(6, 63)": 13.393712018441569,
        "(6, 64)": 10.864113337218049,
        "(6, 65)": 7.272986936186056,
        "(6, 66)": 9.304365361999468,
        "(7, 0)": 18.38855286855535,
        "(7, 1)": 15.696284290408482,
        "(7, 2)": 4.074770703075039,
        "(7, 3)": 14.984361215669955,
        "(7, 4)": 9.534027397525934,
        "(7, 5)": 3.31369432680235,
        "(7, 6)": 6.868855901460115,
        "(7, 7)": 0.0,
        "(7, 8)": 22.09351407478512,
        "(7, 9)": 18.014691811191877,
        "(7, 10)": 12.651023294521178,
        "(7, 11)": 16.781894602136155,
        "(7, 12)": 16.645006555380355,
        "(7, 13)": 3.10466386166173,
        "(7, 14)": 14.476590883018677,
        "(7, 15)": 9.414466718104181,
        "(7, 16)": 11.594463336827312,
        "(7, 17)": 10.426425811632223,
        "(7, 18)": 8.840554937472248,
        "(7, 19)": 16.088146132635018,
        "(7, 20)": 3.63245252228071,
        "(7, 21)": 19.28609533924991,
        "(7, 22)": 3.213208164306263,
        "(7, 23)": 3.307281642855817,
        "(7, 24)": 8.287513404307315,
        "(7, 25)": 4.978285815429823,
        "(7, 26)": 10.026397525393394,
        "(7, 27)": 8.393180187572195,
        "(7, 28)": 5.269105598793645,
        "(7, 29)": 13.287425953621618,
        "(7, 30)": 5.7937798350052185,
        "(7, 31)": 7.708477927524908,
        "(7, 32)": 14.02955496701376,
        "(7, 33)": 10.868924071243441,
        "(7, 34)": 10.917374469297346,
        "(7, 35)": 15.20280066050723,
        "(7, 36)": 15.015406320114595,
        "(7, 37)": 10.25418073890459,
        "(7, 38)": 9.644850630890165,
        "(7, 39)": 8.461490530511306,
        "(7, 40)": 10.878349192523455,
        "(7, 41)": 6.579213570726311,
        "(7, 42)": 16.17220409803207,
        "(7, 43)": 11.902192967270263,
        "(7, 44)": 11.398767029931136,
        "(7, 45)": 11.9793157915439,
        "(7, 46)": 12.736669279889725,
        "(7, 47)": 5.3166874138745355,
        "(7, 48)": 15.651567767412777,
        "(7, 49)": 8.012966780038267,
        "(7, 50)": 13.862497877787392,
        "(7, 51)": 14.880210113323447,
        "(7, 52)": 10.682390648450554,
        "(7, 53)": 12.512715630555268,
        "(7, 54)": 12.949839074984013,
        "(7, 55)": 13.630474976363594,
        "(7, 56)": 14.61239212686141,
        "(7, 57)": 15.317607141033681,
        "(7, 58)": 10.379048478451834,
        "(7, 59)": 9.281145798328742,
        "(7, 60)": 7.419579977456925,
        "(7, 61)": 8.714772518573497,
        "(7, 62)": 10.507531234870473,
        "(7, 63)": 11.866128112271952,
        "(7, 64)": 8.320002713783028,
        "(7, 65)": 4.568926832678021,
        "(7, 66)": 7.641787432254889,
        "(8, 0)": 5.1561505131198935,
        "(8, 1)": 8.285174385184922,
        "(8, 2)": 19.071821428008697,
        "(8, 3)": 11.417037343799635,
        "(8, 4)": 16.610104989440877,
        "(8, 5)": 23.86231415836438,
        "(8, 6)": 19.183296577796792,
        "(8, 7)": 22.09351407478512,
        "(8, 8)": 0.0,
        "(8, 9)": 17.69380588794621,
        "(8, 10)": 11.08629450384171,
        "(8, 11)": 6.3562647067231,
        "(8, 12)": 16.976109354545493,
        "(8, 13)": 24.197521142242802,
        "(8, 14)": 8.642796667636553,
        "(8, 15)": 13.863311940697285,
        "(8, 16)": 15.343416434844638,
        "(8, 17)": 13.745050954159463,
        "(8, 18)": 17.288986460080487,
        "(8, 19)": 15.86874765687949,
        "(8, 20)": 21.259447725097633,
        "(8, 21)": 3.9246147032053647,
        "(8, 22)": 20.178141491306132,
        "(8, 23)": 21.414211044491356,
        "(8, 24)": 15.893479589492344,
        "(8, 25)": 23.580509536434512,
        "(8, 26)": 13.248030978443488,
        "(8, 27)": 15.106291052232567,
        "(8, 28)": 21.666917437425024,
        "(8, 29)": 10.440852957203674,
        "(8, 30)": 18.28229697399049,
        "(8, 31)": 16.901875200128924,
        "(8, 32)": 12.119694382570199,
        "(8, 33)": 14.600319818300227,
        "(8, 34)": 12.426281580793622,
        "(8, 35)": 8.597912735423161,
        "(8, 36)": 14.080250455902283,
        "(8, 37)": 16.462037525511636,
        "(8, 38)": 18.387152470810754,
        "(8, 39)": 19.907908258973148,
        "(8, 40)": 13.506447520344432,
        "(8, 41)": 18.085831406833865,
        "(8, 42)": 7.3305538771240695,
        "(8, 43)": 15.6759805465985,
        "(8, 44)": 15.312319091619463,
        "(8, 45)": 14.032783883743134,
        "(8, 46)": 14.252780138719265,
        "(8, 47)": 19.414207345642293,
        "(8, 48)": 15.591463807329944,
        "(8, 49)": 19.287409866323575,
        "(8, 50)": 9.464139012102512,
        "(8, 51)": 15.9610719600872,
        "(8, 52)": 15.290916199729756,
        "(8, 53)": 13.61839824124233,
        "(8, 54)": 11.498684449910698,
        "(8, 55)": 11.47135464375338,
        "(8, 56)": 10.586309987667148,
        "(8, 57)": 8.910570134774394,
        "(8, 58)": 17.06269029548348,
        "(8, 59)": 17.865319387548034,
        "(8, 60)": 17.739082481400143,
        "(8, 61)": 16.177792029085428,
        "(8, 62)": 14.20322583927317,
        "(8, 63)": 15.103655755932012,
        "(8, 64)": 17.5264193857361,
        "(8, 65)": 18.958993445895263,
        "(8, 66)": 16.685733048649027,
        "(9, 0)": 14.155829844070052,
        "(9, 1)": 11.865438651313537,
        "(9, 2)": 15.820917268059635,
        "(9, 3)": 8.32596515825147,
        "(9, 4)": 9.745281039605121,
        "(9, 5)": 20.30620250235325,
        "(9, 6)": 20.264078722195283,
        "(9, 7)": 18.014691811191877,
        "(9, 8)": 17.69380588794621,
        "(9, 9)": 0.0,
        "(9, 10)": 11.541029015363442,
        "(9, 11)": 14.495651487150091,
        "(9, 12)": 2.4577998385523143,
        "(9, 13)": 19.461778592691267,
        "(9, 14)": 14.90477914742654,
        "(9, 15)": 13.041777153970855,
        "(9, 16)": 8.04752674018334,
        "(9, 17)": 17.63780802130832,
        "(9, 18)": 10.29364647742084,
        "(9, 19)": 3.5118349314169133,
        "(9, 20)": 19.423598761551876,
        "(9, 21)": 15.459316508827923,
        "(9, 22)": 15.986560819804573,
        "(9, 23)": 15.856229785847782,
        "(9, 24)": 17.889190381675004,
        "(9, 25)": 21.748300711592734,
        "(9, 26)": 15.634458457385312,
        "(9, 27)": 12.763623418769432,
        "(9, 28)": 20.980783472745806,
        "(9, 29)": 11.631113974241337,
        "(9, 30)": 13.522365982063828,
        "(9, 31)": 11.805564271458433,
        "(9, 32)": 8.338061135194764,
        "(9, 33)": 9.411318788341061,
        "(9, 34)": 12.565188256201353,
        "(9, 35)": 11.992673829375601,
        "(9, 36)": 5.662604673123367,
        "(9, 37)": 9.000391032000124,
        "(9, 38)": 9.391274245968958,
        "(9, 39)": 10.857132274386204,
        "(9, 40)": 10.571241647682381,
        "(9, 41)": 12.617245285282424,
        "(9, 42)": 13.025776190086571,
        "(9, 43)": 7.543030432818936,
        "(9, 44)": 8.281182980734295,
        "(9, 45)": 8.57080342908403,
        "(9, 46)": 7.565096274150602,
        "(9, 47)": 13.710119263024866,
        "(9, 48)": 4.025766716615952,
        "(9, 49)": 11.08403680843732,
        "(9, 50)": 12.77274009538906,
        "(9, 51)": 4.469120936781743,
        "(9, 52)": 9.1130915963348,
        "(9, 53)": 8.346707500821967,
        "(9, 54)": 10.327825143175412,
        "(9, 55)": 9.509713671931538,
        "(9, 56)": 9.63058558286056,
        "(9, 57)": 11.28935780903903,
        "(9, 58)": 8.702439915281236,
        "(9, 59)": 9.73950971430445,
        "(9, 60)": 11.753375682854248,
        "(9, 61)": 10.963483226776223,
        "(9, 62)": 10.277676699226719,
        "(9, 63)": 7.894274464425878,
        "(9, 64)": 10.802889232908523,
        "(9, 65)": 14.84428695318874,
        "(9, 66)": 12.055651654748099,
        "(10, 0)": 7.020719955510401,
        "(10, 1)": 4.067809357953545,
        "(10, 2)": 9.582474046116294,
        "(10, 3)": 4.650358779503412,
        "(10, 4)": 6.663723753819741,
        "(10, 5)": 14.718281457940497,
        "(10, 6)": 11.709771879212408,
        "(10, 7)": 12.651023294521178,
        "(10, 8)": 11.08629450384171,
        "(10, 9)": 11.541029015363442,
        "(10, 10)": 0.0,
        "(10, 11)": 5.858161603619565,
        "(10, 12)": 10.21947935479321,
        "(10, 13)": 14.719940971557207,
        "(10, 14)": 4.769285810011031,
        "(10, 15)": 4.297315151154628,
        "(10, 16)": 5.955477132828142,
        "(10, 17)": 7.510719301757151,
        "(10, 18)": 7.273299843505198,
        "(10, 19)": 9.043202849927443,
        "(10, 20)": 12.540064527084839,
        "(10, 21)": 8.161683427383574,
        "(10, 22)": 10.537162672234722,
        "(10, 23)": 11.568124813914524,
        "(10, 24)": 8.545559265565998,
        "(10, 25)": 15.06874406553571,
        "(10, 26)": 5.669094934300962,
        "(10, 27)": 5.2766723175864785,
        "(10, 28)": 13.509108714036934,
        "(10, 29)": 1.6608220368352047,
        "(10, 30)": 8.341369768860712,
        "(10, 31)": 6.8280606787355085,
        "(10, 32)": 4.249196431980396,
        "(10, 33)": 4.779566579215264,
        "(10, 34)": 2.85761790580162,
        "(10, 35)": 3.606922983702617,
        "(10, 36)": 6.88039408808779,
        "(10, 37)": 6.679518125660355,
        "(10, 38)": 8.559212044661109,
        "(10, 39)": 9.921744398099687,
        "(10, 40)": 3.4598348065245927,
        "(10, 41)": 8.040510130715637,
        "(10, 42)": 4.770321444933898,
        "(10, 43)": 6.460100688946457,
        "(10, 44)": 5.830840770694571,
        "(10, 45)": 4.668308871372028,
        "(10, 46)": 5.406793809109064,
        "(10, 47)": 9.419004355070102,
        "(10, 48)": 8.547368556353126,
        "(10, 49)": 9.250106077781213,
        "(10, 50)": 2.7821844239927236,
        "(10, 51)": 8.367270864370404,
        "(10, 52)": 5.513960988651622,
        "(10, 53)": 4.53952085381256,
        "(10, 54)": 2.213602816026502,
        "(10, 55)": 3.1014218566740994,
        "(10, 56)": 3.545659536287761,
        "(10, 57)": 3.668991989847502,
        "(10, 58)": 7.358699549619022,
        "(10, 59)": 7.949002820834796,
        "(10, 60)": 7.654297908851641,
        "(10, 61)": 6.094899652303037,
        "(10, 62)": 4.184614960296295,
        "(10, 63)": 5.825110985552646,
        "(10, 64)": 7.466269203090292,
        "(10, 65)": 9.216215861571424,
        "(10, 66)": 6.634937178900575,
        "(11, 0)": 2.8939776478462496,
        "(11, 1)": 3.671695114879082,
        "(11, 2)": 13.741436405593573,
        "(11, 3)": 7.298848528484245,
        "(11, 4)": 11.50564011224654,
        "(11, 5)": 18.618192757933326,
        "(11, 6)": 14.337936968911212,
        "(11, 7)": 16.781894602136155,
        "(11, 8)": 6.3562647067231,
        "(11, 9)": 14.495651487150091,
        "(11, 10)": 5.858161603619565,
        "(11, 11)": 0.0,
        "(11, 12)": 13.447751135266039,
        "(11, 13)": 18.88643294725954,
        "(11, 14)": 3.5521194654170163,
        "(11, 15)": 8.507175697186572,
        "(11, 16)": 10.525699127079978,
        "(11, 17)": 9.019021735046788,
        "(11, 18)": 12.13063252113436,
        "(11, 19)": 12.245177476797991,
        "(11, 20)": 16.09785121234033,
        "(11, 21)": 3.5050810237974566,
        "(11, 22)": 14.833738968936041,
        "(11, 23)": 16.058050218072268,
        "(11, 24)": 10.973575304132444,
        "(11, 25)": 18.497363116100836,
        "(11, 26)": 8.124775874747503,
        "(11, 27)": 9.753538556263736,
        "(11, 28)": 16.663359295174438,
        "(11, 29)": 5.250322027766692,
        "(11, 30)": 12.932484113206323,
        "(11, 31)": 11.604346997568594,
        "(11, 32)": 7.6864267757933025,
        "(11, 33)": 9.55782553501371,
        "(11, 34)": 7.074868757408338,
        "(11, 35)": 3.7116490941462836,
        "(11, 36)": 10.151909214084998,
        "(11, 37)": 11.460316543810384,
        "(11, 38)": 13.369653183841704,
        "(11, 39)": 14.777488471395722,
        "(11, 40)": 8.317055287482184,
        "(11, 41)": 12.763349106426633,
        "(11, 42)": 2.483441436947894,
        "(11, 43)": 10.946932313385894,
        "(11, 44)": 10.449852360215687,
        "(11, 45)": 9.185720822516451,
        "(11, 46)": 9.631909911916445,
        "(11, 47)": 14.071656068226156,
        "(11, 48)": 11.84789906730994,
        "(11, 49)": 14.107681285843254,
        "(11, 50)": 4.14445055921676,
        "(11, 51)": 11.984257187994766,
        "(11, 52)": 10.280417868647875,
        "(11, 53)": 8.868672699202012,
        "(11, 54)": 6.502739945289159,
        "(11, 55)": 6.749232741974434,
        "(11, 56)": 6.120556619323956,
        "(11, 57)": 4.307517480524684,
        "(11, 58)": 12.111173186113815,
        "(11, 59)": 12.78618343896975,
        "(11, 60)": 12.459660965375477,
        "(11, 61)": 10.934644263898535,
        "(11, 62)": 9.03803937289698,
        "(11, 63)": 10.329697701466115,
        "(11, 64)": 12.32077504108712,
        "(11, 65)": 13.604918433202519,
        "(11, 66)": 11.370616622336135,
        "(12, 0)": 13.266896634572753,
        "(12, 1)": 10.786908186766627,
        "(12, 2)": 14.39489673942615,
        "(12, 3)": 7.180472404674942,
        "(12, 4)": 8.310184231381022,
        "(12, 5)": 18.94489428713818,
        "(12, 6)": 18.80718752443742,
        "(12, 7)": 16.645006555380355,
        "(12, 8)": 16.976109354545493,
        "(12, 9)": 2.4577998385523143,
        "(12, 10)": 10.21947935479321,
        "(12, 11)": 13.447751135266039,
        "(12, 12)": 0.0,
        "(12, 13)": 18.14146323429233,
        "(12, 14)": 13.681725860545134,
        "(12, 15)": 11.601196288090733,
        "(12, 16)": 6.5897501392888405,
        "(12, 17)": 16.22308626613048,
        "(12, 18)": 8.879686399931785,
        "(12, 19)": 2.211463311917593,
        "(12, 20)": 18.000150690320176,
        "(12, 21)": 14.59641785786023,
        "(12, 22)": 14.591061596354391,
        "(12, 23)": 14.516699082754736,
        "(12, 24)": 16.439157564472627,
        "(12, 25)": 20.34367728357901,
        "(12, 26)": 14.217240862551126,
        "(12, 27)": 11.306870828421689,
        "(12, 28)": 19.545049138411866,
        "(12, 29)": 10.352818392146908,
        "(12, 30)": 12.104189865957546,
        "(12, 31)": 10.365897527376973,
        "(12, 32)": 7.072508892166612,
        "(12, 33)": 7.958147049639199,
        "(12, 34)": 11.165509762803342,
        "(12, 35)": 10.866458248404555,
        "(12, 36)": 4.3901644661599315,
        "(12, 37)": 7.563878495059291,
        "(12, 38)": 8.06170888318182,
        "(12, 39)": 9.60416751104322,
        "(12, 40)": 9.141203647770327,
        "(12, 41)": 11.20476620179082,
        "(12, 42)": 11.966372610321123,
        "(12, 43)": 6.087213063136261,
        "(12, 44)": 6.823399146653715,
        "(12, 45)": 7.137196655011901,
        "(12, 46)": 6.136380074013536,
        "(12, 47)": 12.331795511209075,
        "(12, 48)": 2.675700044705861,
        "(12, 49)": 9.770578283145527,
        "(12, 50)": 11.53363040724252,
        "(12, 51)": 3.016213595716249,
        "(12, 52)": 7.655361141163946,
        "(12, 53)": 6.937494395548408,
        "(12, 54)": 9.011106559361632,
        "(12, 55)": 8.234339396971752,
        "(12, 56)": 8.456200188306259,
        "(12, 57)": 10.182771576286605,
        "(12, 58)": 7.294637476004483,
        "(12, 59)": 8.363962373822961,
        "(12, 60)": 10.33976783640808,
        "(12, 61)": 9.513138001961444,
        "(12, 62)": 8.83012036021345,
        "(12, 63)": 6.4374708283706905,
        "(12, 64)": 9.392964680156608,
        "(12, 65)": 13.428457408821775,
        "(12, 66)": 10.609964323222284,
        "(13, 0)": 20.48832808625889,
        "(13, 1)": 17.77373155667699,
        "(13, 2)": 6.166147997791098,
        "(13, 3)": 16.928608472000615,
        "(13, 4)": 11.25710327226083,
        "(13, 5)": 2.546170493418712,
        "(13, 6)": 8.293307149052536,
        "(13, 7)": 3.10466386166173,
        "(13, 8)": 24.197521142242802,
        "(13, 9)": 19.461778592691267,
        "(13, 10)": 14.719940971557207,
        "(13, 11)": 18.88643294725954,
        "(13, 12)": 18.14146323429233,
        "(13, 13)": 0.0,
        "(13, 14)": 16.577588900805708,
        "(13, 15)": 11.503385104208128,
        "(13, 16)": 13.347001366928028,
        "(13, 17)": 12.39981485004175,
        "(13, 18)": 10.51535621238006,
        "(13, 19)": 17.682014417271688,
        "(13, 20)": 4.901480110494143,
        "(13, 21)": 21.39053143037204,
        "(13, 22)": 5.198423937601959,
        "(13, 23)": 4.651768611952946,
        "(13, 24)": 10.205252515853704,
        "(13, 25)": 4.864951192236358,
        "(13, 26)": 12.103957115638265,
        "(13, 27)": 10.449326589396891,
        "(13, 28)": 6.07822828906256,
        "(13, 29)": 15.36119925547263,
        "(13, 30)": 7.6768111012686004,
        "(13, 31)": 9.572254959163724,
        "(13, 32)": 15.960761849263585,
        "(13, 33)": 12.748544933117266,
        "(13, 34)": 13.005429004661975,
        "(13, 35)": 17.28432603876621,
        "(13, 36)": 16.77037991188029,
        "(13, 37)": 11.946400764750749,
        "(13, 38)": 11.080101935639464,
        "(13, 39)": 9.66658628401501,
        "(13, 40)": 12.871518899601016,
        "(13, 41)": 8.369331079591118,
        "(13, 42)": 18.26780638244388,
        "(13, 43)": 13.602533098394751,
        "(13, 44)": 13.16531498006666,
        "(13, 45)": 13.8477992753891,
        "(13, 46)": 14.546823750790116,
        "(13, 47)": 6.98561646791963,
        "(13, 48)": 17.271741886622795,
        "(13, 49)": 9.377961156128755,
        "(13, 50)": 15.959235232128915,
        "(13, 51)": 16.47394814205311,
        "(13, 52)": 12.49569218861926,
        "(13, 53)": 14.39163165644757,
        "(13, 54)": 14.974246272846367,
        "(13, 55)": 15.62292421243444,
        "(13, 56)": 16.618738760217152,
        "(13, 57)": 17.382199265202868,
        "(13, 58)": 11.979928414041238,
        "(13, 59)": 10.825740084206105,
        "(13, 60)": 9.163488132302087,
        "(13, 61)": 10.578342377289914,
        "(13, 62)": 12.458075370544016,
        "(13, 63)": 13.6311750204177,
        "(13, 64)": 10.002534727996634,
        "(13, 65)": 6.551618138193104,
        "(13, 66)": 9.552542558408549,
        "(14, 0)": 5.428166159116284,
        "(14, 1)": 4.525202946582587,
        "(14, 2)": 11.488431496234636,
        "(14, 3)": 7.603423022496924,
        "(14, 4)": 10.220153902623803,
        "(14, 5)": 16.219544774247474,
        "(14, 6)": 11.788033703729921,
        "(14, 7)": 14.476590883018677,
        "(14, 8)": 8.642796667636553,
        "(14, 9)": 14.90477914742654,
        "(14, 10)": 4.769285810011031,
        "(14, 11)": 3.5521194654170163,
        "(14, 12)": 13.681725860545134,
        "(14, 13)": 16.577588900805708,
        "(14, 14)": 0.0,
        "(14, 15)": 6.491728550248664,
        "(14, 16)": 9.720851623329906,
        "(14, 17)": 6.4767501275492965,
        "(14, 18)": 10.724510982653483,
        "(14, 19)": 12.475377727596332,
        "(14, 20)": 13.63526519344488,
        "(14, 21)": 5.966765136973278,
        "(14, 22)": 12.627712546432708,
        "(14, 23)": 13.950547170595698,
        "(14, 24)": 8.426586978340156,
        "(14, 25)": 15.999440624938428,
        "(14, 26)": 5.626851827328943,
        "(14, 27)": 7.806823704631404,
        "(14, 28)": 14.138987909611663,
        "(14, 29)": 4.410735693509171,
        "(14, 30)": 10.959081605848066,
        "(14, 31)": 9.88501682466336,
        "(14, 32)": 7.614386023096242,
        "(14, 33)": 8.47927840740617,
        "(14, 34)": 5.253851169734581,
        "(14, 35)": 4.156215862029143,
        "(14, 36)": 10.291562043182624,
        "(14, 37)": 10.345083515527708,
        "(14, 38)": 12.160263740316859,
        "(14, 39)": 13.353276388531405,
        "(14, 40)": 7.035080312972929,
        "(14, 41)": 10.933398083923315,
        "(14, 42)": 3.87468860082716,
        "(14, 43)": 10.22933147559842,
        "(14, 44)": 9.589358498591597,
        "(14, 45)": 8.436920052990745,
        "(14, 46)": 9.136134828692569,
        "(14, 47)": 12.132711199605522,
        "(14, 48)": 12.011999819739872,
        "(14, 49)": 12.609287426033092,
        "(14, 50)": 3.155728665807884,
        "(14, 51)": 11.953284653202873,
        "(14, 52)": 9.210714492688673,
        "(14, 53)": 8.280263200593499,
        "(14, 54)": 5.836886648322382,
        "(14, 55)": 6.471415115639538,
        "(14, 56)": 6.288932351654627,
        "(14, 57)": 4.868975172224047,
        "(14, 58)": 11.042596450355635,
        "(14, 59)": 11.49865176562676,
        "(14, 60)": 10.773762835283318,
        "(14, 61)": 9.38578532721204,
        "(14, 62)": 7.7593116860209514,
        "(14, 63)": 9.594379719399313,
        "(14, 64)": 10.814335930458169,
        "(14, 65)": 11.471378675491188,
        "(14, 66)": 9.596721008372409,
        "(15, 0)": 10.008077531688244,
        "(15, 1)": 7.294049759031242,
        "(15, 2)": 6.339894443479748,
        "(15, 3)": 7.360199429739285,
        "(15, 4)": 5.542121243044579,
        "(15, 5)": 11.435124755174156,
        "(15, 6)": 8.71431508704125,
        "(15, 7)": 9.414466718104181,
        "(15, 8)": 13.863311940697285,
        "(15, 9)": 13.041777153970855,
        "(15, 10)": 4.297315151154628,
        "(15, 11)": 8.507175697186572,
        "(15, 12)": 11.601196288090733,
        "(15, 13)": 11.503385104208128,
        "(15, 14)": 6.491728550248664,
        "(15, 15)": 0.0,
        "(15, 16)": 6.179853687946808,
        "(15, 17)": 5.764032588021816,
        "(15, 18)": 5.7665922567899335,
        "(15, 19)": 10.575100798244257,
        "(15, 20)": 9.252278754503108,
        "(15, 21)": 10.985474919207881,
        "(15, 22)": 7.365873390402319,
        "(15, 23)": 8.550899162278998,
        "(15, 24)": 5.890745813127903,
        "(15, 25)": 11.786736118355181,
        "(15, 26)": 3.8029679434683556,
        "(15, 27)": 2.323811566874982,
        "(15, 28)": 10.28799265944961,
        "(15, 29)": 4.904572301981179,
        "(15, 30)": 5.4720497395584795,
        "(15, 31)": 4.533108989967054,
        "(15, 32)": 6.593658175381506,
        "(15, 33)": 4.701645080753767,
        "(15, 34)": 2.5029755563237144,
        "(15, 35)": 6.793409982991465,
        "(15, 36)": 8.675965497160549,
